52
-2.4801219e-001
9.4528828e-001
-1.6070753e-001
7.4353584e-001
-5.7059930e-001
-9.6593417e-001
6.9751011e-002
-7.9125535e-001
7.6052982e-002
1.5508624e+000
-6.5398999e-001
7.2971109e-001
0.0000000e+000
0.0000000e+000
-2.9134739e-001
1.6601287e-001
6.9482649e-001
-4.3564804e-001
4.3447877e-001
-1.2058965e-001
-1.2699616e+000
4.9889962e-001
5.0217348e-002
4.6285205e-001
6.0266523e-001
-5.2156327e-001
8.3295783e-002
-6.2776171e-001
0.0000000e+000
0.0000000e+000
1.0838688e-001
7.0112276e-002
-7.1119731e-002
1.8686778e-001
-1.5919901e-001
1.1555290e-001
-2.5058924e-001
4.0623800e-001
9.6276830e-002
5.0562419e-002
7.4776040e-002
-9.9131916e-002
-4.6777790e-001
5.6756216e-002
0.0000000e+000
0.0000000e+000
2.0827182e-001
-1.9154203e-001
4.3479073e-001
-3.0838467e-001
-1.4352064e-001
-2.4191053e-001
-3.8695086e-001
-2.2594879e-001
6.0370006e-002
2.7660826e-001
9.5908202e-002
2.0540376e-001
-2.5309703e-001
-1.0152993e-002
0.0000000e+000
0.0000000e+000
1.0701138e-001
-1.2521025e-001
1.8372541e-001
-3.1239817e-001
-3.6431017e-002
-3.2666388e-002
-9.3935529e-002
1.4704148e-002
1.3126618e-001
1.3336124e-001
-3.9185318e-002
2.9523344e-001
-1.9397235e-001
-5.6831181e-003
0.0000000e+000
0.0000000e+000
-2.5474996e-001
6.7069590e-002
7.1646118e-003
-2.4838493e-001
2.2945047e-001
1.4201675e-001
-9.5917034e-002
-1.2999578e-001
-1.7975068e-001
2.6578107e-001
4.5271169e-001
-2.8598367e-001
1.3652409e-001
-1.7870277e-001
0.0000000e+000
0.0000000e+000
1.6173761e-001
-2.8987427e-002
1.8473677e-001
-1.2851076e-001
-9.4163915e-002
4.4679819e-001
1.0539541e-001
-4.3242193e-001
3.5820760e-001
-4.4802437e-001
2.1782666e-002
-2.4342180e-001
3.2422681e-001
9.7740481e-002
0.0000000e+000
0.0000000e+000
1.6031223e-001
-2.5032150e-002
2.6588540e-001
5.9509730e-002
-3.2908861e-001
6.3306466e-002
6.3289012e-002
5.2606762e-001
2.6030655e-001
1.5282620e-001
-5.0154689e-001
-1.4979283e-003
-2.1912898e-001
-1.0085742e-001
0.0000000e+000
0.0000000e+000
1.8801104e-001
-2.0931511e-001
2.4812039e-002
-3.4945527e-002
-1.0977514e-001
-1.4411918e-001
7.9470317e-002
5.2417829e-001
2.4702052e-001
1.7001611e-001
-1.7836033e-001
1.5937398e-001
-2.3806917e-001
-9.8937470e-002
0.0000000e+000
0.0000000e+000
1.5161690e-002
-1.7598745e-001
-1.9789835e-001
-4.9897756e-002
-1.0468772e-002
-7.1900058e-002
-2.6863412e-001
-1.6221571e-001
-3.0015814e-001
-1.4508319e-002
5.1526695e-001
-3.6605811e-001
2.3747308e-001
-2.1014022e-003
0.0000000e+000
0.0000000e+000
-1.9023853e-001
3.1238841e-001
56
-4.0131682e-001
0.0000000e+000
-8.1201123e-001
0.0000000e+000
7.2827546e-001
0.0000000e+000
0.0000000e+000
0.0000000e+000
0.0000000e+000
0.0000000e+000
8.0730666e-001
-6.3089630e-002
0.0000000e+000
0.0000000e+000
0.0000000e+000
8.7645224e-001
-3.3778178e-001
0.0000000e+000
2.2279637e-001
0.0000000e+000
0.0000000e+000
-2.3222541e-001
-2.8485182e-001
2.4110048e-001
6.2604432e-004
0.0000000e+000
7.8542191e-001
-3.3244966e-003
0.0000000e+000
0.0000000e+000
-7.1823092e-002
-3.9800111e-002
-9.0913476e-002
1.9399684e-001
7.8928648e-001
-1.9350930e-001
2.0754941e-002
-9.8072357e-001
-9.0679718e-001
6.8114829e-001
-1.0654123e+000
1.5965861e+000
2.4330902e-001
-3.3549476e-001
0.0000000e+000
0.0000000e+000
-3.6081382e-001
-2.5360873e-001
1.5836167e-001
-1.5539770e-001
4.2609750e-001
0.0000000e+000
-5.5041547e-001
6.2311808e-001
-4.8103245e-003
-1.1171360e+000
4.3578292e-001
-5.4536434e-001
1.3950383e-001
2.2256100e-001
0.0000000e+000
0.0000000e+000
3.7107513e-001
-1.8188045e-001
7.1325884e-001
3.2409267e-002
-6.7474440e-001
6.4496137e-002
-1.5587757e-001
6.1930326e-002
5.8592676e-001
-3.4625037e-001
-1.6870183e-001
1.2727903e-001
-4.6244685e-001
-1.6412971e-001
0.0000000e+000
0.0000000e+000
-1.7049407e-001
-2.7750599e-001
1.5850787e-001
7.5299317e-001
-3.0845523e-001
2.5608459e-001
0.0000000e+000
-4.4251187e-001
-3.3807796e-001
1.1064698e+000
-3.0731337e-001
-2.6287422e-001
4.6425992e-001
-5.6462558e-001
0.0000000e+000
0.0000000e+000
3.0891364e-002
3.7330085e-001
7.4194432e-002
2.3794965e-001
9.6664792e-001
-4.3833841e-001
0.0000000e+000
-1.1868548e+000
0.0000000e+000
0.0000000e+000
-1.5514214e-001
8.9383071e-001
1.1790662e-002
3.8994611e-001
0.0000000e+000
0.0000000e+000
-5.3793739e-001
2.4112504e-001
0.0000000e+000
-2.1128694e-001
3.6933365e-001
2.7373691e-002
0.0000000e+000
-3.9665523e-001
0.0000000e+000
-6.8877701e-001
2.9733524e-002
0.0000000e+000
9.5004939e-001
2.9738141e-001
0.0000000e+000
0.0000000e+000
-4.0077751e-001
4.1107578e-001
3.0663259e-001
-1.0341211e-001
-1.2343753e+000
5.3054278e-001
4.3519295e-001
4.0538486e-001
4.1309297e-001
3.1980341e-001
-3.3255326e-001
2.1978122e-001
-1.4828780e-001
-3.9645580e-001
0.0000000e+000
0.0000000e+000
-3.1673292e-001
3.1181265e-001
-3.0212493e-001
-2.3326299e-001
-3.9354628e-001
-1.6751823e-001
3.8422060e-002
0.0000000e+000
-1.9385277e-001
7.1329486e-001
1.1375645e-001
-4.1732280e-001
-3.5907581e-002
-5.3434978e-001
0.0000000e+000
0.0000000e+000
3.2856686e-001
0.0000000e+000
50
49
-4.4656673e-002
2.1978426e-001
-6.2424231e-002
5.4700583e-002
-8.9122829e-002
-2.1241298e-001
-1.4481916e-001
-8.9054146e-002
4.0602193e-002
8.2830290e-002
2.6282300e-002
-3.7958526e-002
0.0000000e+000
0.0000000e+000
1.2304303e-001
-3.0988615e-002
4.9088112e-003
-1.5877443e-001
-6.7777999e-002
9.2439715e-002
8.5931028e-002
1.5693266e-001
1.7620049e-001
-1.9742388e-001
-1.1639801e-001
1.3021196e-001
-2.5821595e-001
2.2514387e-001
0.0000000e+000
0.0000000e+000
-2.5435521e-002
-3.9531651e-002
6.4026715e-002
9.0517796e-002
-1.1624663e-001
3.3311737e-002
5.3695256e-002
-1.0776683e-001
2.8299341e-002
3.2215546e-004
4.1597718e-002
2.8805818e-002
1.1581838e-001
-6.2922289e-002
0.0000000e+000
0.0000000e+000
-1.2671658e-001
-2.4744199e-003
1.3585681e-001
-1.0898947e-001
3.7599611e-002
2.8283186e-002
-1.0283166e-001
3.5574137e-002
-4.9705566e-002
-1.8155700e-002
5.4941940e-002
4.2133900e-003
-7.2834601e-002
4.0576067e-002
0.0000000e+000
0.0000000e+000
4.5876175e-002
-9.3747666e-002
1.2304883e-001
6.2085397e-002
1.8843465e-002
-1.1989847e-001
6.4460059e-002
-1.3296267e-001
5.1369852e-002
6.4450501e-002
-6.6320381e-002
3.5398765e-002
-5.7695406e-003
-1.9774282e-002
0.0000000e+000
0.0000000e+000
-9.5620251e-002
-6.7372542e-002
-6.2418391e-002
5.1201522e-002
2.3751847e-002
-1.3820124e-002
-8.8213190e-003
8.0257574e-002
-7.9288988e-002
3.6047738e-002
-3.0409984e-002
9.9782633e-002
-4.8630785e-003
3.8386604e-002
0.0000000e+000
0.0000000e+000
-1.4940263e-002
1.0827634e-002
4.1967401e-002
-7.9792293e-002
-1.4025293e-001
8.6744643e-002
-4.9860229e-002
6.5648820e-002
1.6467215e-001
-2.4771674e-002
7.3591388e-002
-2.6322402e-002
-3.9240465e-002
-1.2646615e-002
0.0000000e+000
0.0000000e+000
1.2788558e-002
2.0518158e-002
3.9254758e-002
-1.0422839e-001
-3.1476806e-002
2.1310257e-002
3.5686160e-002
-7.1783020e-002
9.9258580e-002
4.2781801e-002
1.2206467e-001
9.2890296e-002
-5.8903780e-002
-5.5894527e-002
0.0000000e+000
0.0000000e+000
6.3393471e-002
-9.0754695e-002
9.4403897e-002
1.9824564e-001
-1.8328825e-001
1.0878063e-001
3.9370409e-002
-1.0083008e-001
1.0690982e-002
-7.6719544e-002
3.8417726e-002
-7.8840900e-002
6.0444802e-002
3.9569874e-002
0.0000000e+000
0.0000000e+000
1.2114858e-002
4.2318442e-003
4.1846219e-002
2.4647009e-003
-5.2847676e-002
8.5823721e-002
-1.3426906e-001
1.3091432e-001
-5.3264857e-002
-8.4881412e-002
-1.2555824e-002
4.6142017e-002
-1.1919776e-001
6.3008508e-002
0.0000000e+000
0.0000000e+000
-5.1855629e-002
-2.8817275e-002
52
49
-1.0324499e-001
1.2907814e-001
7.9651311e-002
-9.8871601e-002
-6.7053244e-003
-5.5280577e-002
-7.0010347e-002
-4.9800696e-003
-1.9820153e-001
8.0695626e-002
9.7899328e-002
-1.1926418e-002
0.0000000e+000
0.0000000e+000
-5.9675577e-002
1.1490877e-001
1.8343925e-001
-2.2354340e-001
1.1546207e-001
-1.8645037e-001
-4.9138138e-002
1.9333215e-001
3.5118124e-002
-8.1809115e-003
-1.2577811e-002
-1.1459851e-001
-3.7009645e-002
2.6961965e-002
0.0000000e+000
0.0000000e+000
1.2155632e-001
-1.0283072e-002
3.1976435e-002
1.2253906e-001
5.7135037e-002
2.0961971e-002
-5.8116883e-002
2.3023948e-002
-1.6065558e-002
1.4918691e-002
-2.2167589e-002
4.8113551e-002
7.1292809e-002
-7.2978645e-002
0.0000000e+000
0.0000000e+000
-1.9410161e-001
-1.1299813e-002
-5.0998981e-002
-5.4889531e-003
9.8958130e-002
-9.6404640e-002
1.1024162e-001
-3.0650317e-003
-7.8970997e-002
1.2324352e-001
-2.4638635e-002
1.8073852e-002
-4.2979967e-002
-8.0440000e-002
0.0000000e+000
0.0000000e+000
7.3313833e-002
-6.7377636e-002
1.0341882e-001
-6.8105033e-003
-8.5032048e-002
1.6839857e-002
-8.8625448e-003
-6.0026356e-002
1.2056537e-001
-7.4928153e-004
-2.0466530e-002
8.0584386e-002
-7.3212662e-002
1.1505879e-001
0.0000000e+000
0.0000000e+000
-7.2889835e-002
4.5823671e-002
1.1919097e-001
-9.5497073e-002
-5.8908343e-002
4.5877645e-002
-1.0268354e-001
3.3432242e-002
-4.3529528e-002
1.6419861e-002
3.3276343e-002
-2.8053340e-002
6.9330256e-002
-4.4688644e-002
0.0000000e+000
0.0000000e+000
-9.1735761e-002
5.6807824e-002
-6.9983344e-002
4.9951782e-002
-2.1606849e-004
1.3531705e-001
9.9024194e-002
2.3978482e-002
-1.1528470e-001
-1.3322433e-001
3.5310036e-002
1.2671763e-002
-2.0243020e-002
6.7990311e-003
0.0000000e+000
0.0000000e+000
-6.6818723e-002
-6.1734476e-002
-2.1786613e-001
-3.8850136e-003
2.8903146e-002
1.7562745e-002
2.0022958e-001
-1.8533411e-003
-4.3289554e-002
1.7897866e-002
-5.5082614e-002
6.8861229e-002
4.9164936e-002
1.5998837e-002
0.0000000e+000
0.0000000e+000
-2.0319220e-002
1.0405977e-001
1.6819463e-001
2.3192185e-002
4.1479181e-002
-8.7852176e-002
-6.4307795e-002
5.4849518e-002
4.3443402e-002
1.5946865e-001
-1.3871907e-001
7.3161625e-003
-3.5954468e-002
-8.5273047e-002
0.0000000e+000
0.0000000e+000
3.9697604e-002
3.7949599e-002
7.5524843e-002
-9.1605606e-003
-3.4661054e-002
8.9139800e-002
-8.1862762e-002
1.2207395e-002
-1.9001656e-002
-1.0401749e-001
2.4831851e-002
-2.9086417e-002
-1.4890730e-002
2.1889245e-002
0.0000000e+000
0.0000000e+000
6.4943496e-002
3.9732523e-002
53
51
4.4600397e-002
4.9035742e-002
1.8903274e-001
-2.4446931e-001
2.0342559e-001
-1.2604074e-001
-7.5206563e-002
1.7807610e-001
-9.4648923e-002
-2.4361660e-001
1.0342322e-001
1.0227746e-002
0.0000000e+000
0.0000000e+000
7.9157648e-002
5.3657466e-004
9.9941831e-002
1.1292618e-001
-2.2895988e-002
-1.1171433e-001
-1.4478521e-001
-1.6320074e-001
8.6541456e-002
-2.7390007e-003
1.3636053e-001
-1.6701035e-001
7.2532965e-002
9.0043859e-003
0.0000000e+000
0.0000000e+000
5.9266746e-002
9.5523557e-003
-1.7290907e-002
1.3216383e-001
-1.0324499e-001
6.9284073e-002
-1.3340780e-001
2.5817983e-002
3.7983338e-002
-1.9497195e-002
1.7730255e-002
6.1331507e-002
-3.5511722e-002
-8.2335768e-003
0.0000000e+000
0.0000000e+000
-2.2141261e-002
1.0714430e-001
-1.2716391e-004
-7.8705712e-003
-4.8810800e-002
-1.0625184e-001
-6.2565445e-002
1.9757959e-002
5.6767550e-002
-2.0909853e-002
-6.2914495e-002
7.0523868e-002
-6.3942589e-002
1.1351477e-001
0.0000000e+000
0.0000000e+000
7.3855214e-002
-2.6735939e-002
4.8739352e-002
1.5224491e-002
-9.7705100e-002
4.7547611e-002
-4.0354188e-002
1.1398518e-002
-7.3917459e-002
-6.5608755e-002
-2.9904180e-002
3.0273224e-002
1.4996471e-001
-5.0101689e-002
0.0000000e+000
0.0000000e+000
-1.3985289e-001
-1.3229882e-002
-1.6963947e-001
4.9867760e-002
-4.2748485e-002
7.9479518e-002
1.2535692e-001
4.3504401e-002
2.8963074e-002
-1.0404343e-001
5.7349903e-002
-1.0446661e-001
5.0108538e-003
-2.2093013e-002
0.0000000e+000
0.0000000e+000
8.8511550e-002
4.5151611e-003
1.5522355e-001
-4.4404327e-002
2.4258602e-002
-4.7428665e-002
-1.2395782e-001
-2.1780642e-002
1.0446328e-001
9.3671396e-002
1.4978767e-002
-1.0551995e-001
-4.1953639e-002
5.1098832e-002
0.0000000e+000
0.0000000e+000
-9.3129377e-002
-4.2099808e-002
-2.2606674e-001
3.1867407e-002
-9.0789275e-002
-5.1739076e-002
4.5508832e-002
4.2479999e-002
5.2687535e-002
8.1206156e-002
-8.0567721e-002
1.0571717e-001
-8.6434576e-002
-4.5653848e-002
0.0000000e+000
0.0000000e+000
-3.5448128e-002
-9.1703471e-003
6.2681890e-003
-2.0357609e-002
6.3228869e-002
9.3003672e-002
1.8036278e-001
1.8673607e-001
-1.4716452e-001
-1.0400766e-001
-7.7821356e-002
-5.3826026e-002
-3.1790268e-002
-2.1460097e-002
0.0000000e+000
0.0000000e+000
6.2927424e-002
-1.6339347e-002
1.6859748e-001
-8.3104636e-002
7.2396567e-002
6.4027915e-003
-1.3369990e-001
-9.2820392e-002
-1.0555945e-001
-8.5595242e-002
-4.8126853e-002
-3.5001496e-002
8.0160025e-002
4.0734302e-002
0.0000000e+000
0.0000000e+000
4.7493111e-002
5.0915143e-002
54
53
1.1609682e-001
1.9640667e-001
-9.7263456e-002
3.3966085e-002
-2.3934429e-001
-2.9578011e-001
1.4985009e-001
-1.2235113e-001
-8.2459387e-002
-5.3665276e-002
6.2588802e-003
1.6765628e-001
0.0000000e+000
0.0000000e+000
3.2690094e-002
1.5265041e-001
3.1178392e-001
-4.0121213e-001
1.7378925e-001
-3.4729147e-002
-2.2562531e-001
2.2591282e-001
-1.0298777e-001
-5.3324411e-002
-2.7134944e-002
-3.0706311e-002
-5.0665421e-002
1.1443389e-001
0.0000000e+000
0.0000000e+000
9.2025833e-002
-5.8952321e-002
1.0648981e-001
-5.8159877e-002
-5.6335727e-002
-8.2470426e-003
7.8726485e-002
-2.6969439e-002
-1.2187251e-001
3.5245499e-002
-7.1427058e-002
4.8196997e-002
2.0108720e-003
7.7924323e-002
0.0000000e+000
0.0000000e+000
-1.3539376e-001
-4.8294175e-002
-2.7876776e-002
6.6662553e-002
-2.4384036e-002
4.9113376e-002
9.5978266e-002
-8.3391741e-002
7.6454675e-002
-4.9034544e-004
-2.1446647e-001
-3.2913873e-003
-1.1146144e-002
-5.2449929e-002
0.0000000e+000
0.0000000e+000
2.7647636e-002
1.2582917e-001
1.4513662e-002
2.5622143e-001
-8.9941076e-002
4.3125352e-002
4.6189685e-002
1.2575052e-002
8.6815152e-002
-1.6772545e-001
1.6455408e-001
-6.9842556e-002
-3.8575659e-002
9.3278514e-002
0.0000000e+000
0.0000000e+000
1.3191761e-002
-4.0561145e-002
-1.5612488e-001
-3.3742200e-002
6.9907151e-002
1.2104116e-001
1.4788923e-001
4.4341881e-002
-1.6350020e-002
-1.9264747e-001
4.2574178e-002
7.6075473e-003
-1.7468558e-002
4.1546015e-002
0.0000000e+000
0.0000000e+000
4.6076904e-002
4.6799024e-002
1.0203988e-001
-1.1987877e-002
1.1586114e-001
6.0257926e-002
1.9378281e-001
-9.2142813e-002
-6.9668743e-002
9.4029768e-002
-1.0551359e-001
-1.1409709e-001
2.0493040e-002
-1.6038449e-002
0.0000000e+000
0.0000000e+000
1.6203152e-002
-2.8562663e-004
3.5508296e-002
-1.8534598e-002
7.9049154e-003
3.2259789e-003
-1.8776926e-001
4.7591818e-002
-1.2552113e-001
1.9668565e-001
-6.8798539e-002
3.0659687e-002
4.4439737e-002
-1.3886186e-001
0.0000000e+000
0.0000000e+000
-1.6656114e-002
5.8511721e-002
1.1046613e-001
5.6152199e-002
-1.0989023e-001
-3.1167001e-002
-2.1142922e-001
-6.6308810e-002
-3.0876847e-002
-1.1667802e-001
9.9076355e-002
1.2400362e-001
3.8116197e-002
1.0005138e-001
0.0000000e+000
0.0000000e+000
-2.7842299e-002
-3.8862617e-002
-5.3667959e-002
-1.3415964e-002
4.0837842e-002
2.5691707e-002
1.1089957e-001
-1.4509607e-001
4.6610666e-002
3.3356459e-003
-2.8492903e-002
2.6207724e-002
-1.8739638e-001
1.3400694e-001
0.0000000e+000
0.0000000e+000
-1.6364036e-002
-2.4197499e-002
55
55
-1.5490970e-001
2.8513342e-001
1.0244020e-001
-1.9645804e-001
4.0279006e-001
-5.5960343e-001
2.6305710e-002
3.5058512e-001
-4.6781921e-001
4.4636000e-001
-1.8431912e-002
-1.5784549e-001
0.0000000e+000
0.0000000e+000
-1.2434786e-001
9.7117528e-002
2.0039882e-001
-5.5249710e-003
2.0363533e-002
1.5366470e-001
-2.2457588e-001
-5.1880370e-002
-8.5665768e-002
-1.3628420e-001
2.1483012e-001
6.4088286e-002
-3.5172385e-002
3.1205362e-002
0.0000000e+000
0.0000000e+000
-3.1710757e-002
-1.0540098e-002
-1.3714342e-002
3.8354707e-002
-1.3574879e-001
-7.1920462e-002
1.8077139e-001
-1.0852728e-002
7.0616239e-002
-3.8121871e-002
-2.7798047e-002
7.2509006e-003
-3.8207575e-002
1.3742391e-001
0.0000000e+000
0.0000000e+000
-4.7663045e-002
-5.0018978e-002
3.0470788e-002
-9.6075970e-002
2.7877553e-002
1.0780616e-002
7.8992689e-002
-3.0120075e-002
8.8035035e-002
-9.1217513e-002
-2.8898132e-002
-5.0603132e-002
-4.5185861e-002
3.1147678e-002
0.0000000e+000
0.0000000e+000
7.3804376e-002
-9.4185830e-003
1.7547084e-001
-1.4831276e-001
4.7996295e-002
1.8874411e-001
2.1480715e-002
1.4485073e-001
5.0493208e-002
-1.0066611e-001
3.8886320e-002
1.5506864e-002
5.2986007e-002
-4.1835499e-004
0.0000000e+000
0.0000000e+000
-1.6367987e-002
-6.2652825e-002
-1.5400444e-002
5.8026287e-002
-9.1467580e-002
8.3303865e-002
5.9409259e-002
-1.1649661e-002
-1.2633025e-003
4.2653194e-002
4.2176170e-002
-4.9283918e-003
1.6844395e-002
-9.5453315e-002
0.0000000e+000
0.0000000e+000
-7.5374656e-002
5.7217954e-002
-1.0431537e-001
1.0597935e-001
-2.1433707e-002
5.8048344e-002
7.3780584e-002
5.6497500e-002
8.1823777e-002
1.0764445e-001
-8.5784465e-002
-1.1518854e-001
2.9575470e-002
3.4213389e-002
0.0000000e+000
0.0000000e+000
-9.1383913e-002
9.9193398e-002
7.6423515e-002
-1.0791330e-001
-5.6863530e-002
3.1441105e-002
-7.8751550e-003
2.8899955e-002
-1.1702707e-001
6.6164426e-002
-1.2980273e-001
-1.3266535e-001
4.5762458e-002
-3.4457552e-002
0.0000000e+000
0.0000000e+000
3.6940008e-002
-1.5614633e-002
1.3488759e-001
3.6566872e-002
-1.8842369e-001
2.3933225e-002
-1.0029058e-001
-8.3461462e-002
-8.4308115e-002
-2.1273614e-003
-2.3302771e-002
4.3377994e-002
-8.9328112e-002
-7.3669011e-002
0.0000000e+000
0.0000000e+000
1.0389583e-001
4.7968604e-002
1.6828171e-001
-9.0317331e-002
-1.4900371e-001
1.2912299e-001
-6.1202024e-002
1.0532331e-001
7.8215787e-003
3.1570251e-002
6.5604012e-002
-7.1123195e-002
1.1510913e-001
-2.1565601e-002
0.0000000e+000
0.0000000e+000
2.4002179e-002
6.0167918e-002
57
49
-9.5633900e-002
8.6010387e-002
-3.3435543e-002
-1.3335115e-002
1.4738150e-001
-4.0802475e-002
-2.0767207e-002
-9.6771788e-005
-2.9972732e-001
1.5238657e-001
-4.3976742e-002
3.4340525e-002
0.0000000e+000
0.0000000e+000
4.7020711e-002
8.1180325e-002
1.3979998e-002
-1.0095946e-001
-5.1406599e-003
3.4718394e-002
3.4372441e-002
1.2115036e-001
4.8723051e-002
-8.9816812e-002
3.2518959e-002
-1.5729394e-001
-5.4322795e-002
8.2533278e-003
0.0000000e+000
0.0000000e+000
1.1182462e-001
4.9385260e-003
5.1383892e-002
3.5498084e-002
2.5454016e-002
7.4504413e-002
3.9758586e-002
-7.9938007e-002
7.8111640e-002
-7.6589026e-002
-2.1783687e-002
9.1712945e-003
-1.7547939e-002
3.6364477e-002
0.0000000e+000
0.0000000e+000
-7.1242247e-002
-2.1190747e-002
-9.8710294e-002
1.3023395e-001
-1.2140592e-001
6.8422829e-002
6.6769515e-002
-1.0068770e-001
1.0388890e-001
-7.1858627e-002
-1.5869704e-002
1.5001693e-001
-2.0472165e-001
1.0325293e-002
0.0000000e+000
0.0000000e+000
-5.2271514e-002
9.7139343e-003
4.5977003e-002
1.4163995e-001
-5.2000911e-002
5.3961435e-002
1.1878487e-002
-3.9832968e-002
1.1126939e-001
2.7767492e-002
-3.1438448e-002
-3.7896744e-002
-7.1658719e-002
1.2615399e-002
0.0000000e+000
0.0000000e+000
8.4339474e-002
2.9965953e-002
2.5835374e-001
-1.3516200e-001
-1.1946583e-001
-1.8301601e-002
-9.8650947e-002
-1.2204161e-001
1.1541026e-001
-1.2108974e-002
6.1311811e-002
-1.4906415e-002
1.7201851e-002
-6.3115646e-002
0.0000000e+000
0.0000000e+000
-3.5304840e-002
7.8844587e-002
9.8751732e-002
-9.6333342e-002
1.4067758e-001
-1.1776127e-001
-5.2860014e-002
-6.5781230e-002
-3.2157247e-002
7.8890899e-002
8.0725386e-002
-1.1972413e-002
-2.8546210e-002
-2.9620316e-002
0.0000000e+000
0.0000000e+000
1.0877564e-001
-7.4001884e-002
6.4623700e-003
2.7353325e-002
4.7570239e-002
1.4301649e-001
1.4168644e-001
-1.0877181e-001
-2.0589734e-001
-4.1119960e-002
8.6400391e-003
1.1102656e-001
2.2696991e-002
-7.2781216e-002
0.0000000e+000
0.0000000e+000
1.3818579e-001
-8.0165731e-004
1.4225928e-001
-2.6861202e-002
-1.2899238e-001
8.9300637e-002
7.8304523e-002
1.2089270e-001
-5.7483108e-002
-6.5808518e-002
-1.2746426e-001
-5.3909267e-002
3.9391447e-002
1.5971425e-002
0.0000000e+000
0.0000000e+000
-1.4552607e-001
5.1742196e-002
-3.6125208e-002
4.9140949e-003
-4.2080240e-003
-2.6868230e-002
-2.6024025e-002
3.1167041e-002
-9.1727868e-002
-1.0413909e-001
-1.6327605e-001
-1.2869884e-001
1.2782336e-001
6.0858772e-002
0.0000000e+000
0.0000000e+000
-1.7746223e-002
6.2812281e-002
49
48
52
5.8215347e-002
-1.7189517e-001
1.9048365e-001
-6.5900223e-002
-5.5624412e-002
1.9018579e-002
-9.1188646e-002
7.2944207e-002
-1.4273504e-001
8.0830960e-002
2.0451800e-002
-1.2448504e-001
0.0000000e+000
0.0000000e+000
1.0156314e-001
-5.7910669e-002
-3.2815773e-001
2.1983415e-001
-1.8723480e-001
6.6415213e-002
3.2236612e-001
4.2827710e-002
1.3441098e-001
-1.8250558e-001
-1.6876697e-001
-1.1270800e-001
-7.6726055e-002
2.4790546e-001
0.0000000e+000
0.0000000e+000
4.6189744e-002
1.4036196e-001
1.1584147e-001
6.3589044e-002
-9.9883749e-002
-8.5071589e-002
3.2633356e-002
2.0197328e-002
2.3558225e-002
4.6775516e-002
6.3383367e-002
5.9833668e-002
2.3925437e-002
3.0256214e-002
0.0000000e+000
0.0000000e+000
-1.1506252e-001
-8.3927765e-002
8.8449230e-002
-9.7804781e-002
9.2378764e-003
1.6729340e-002
-1.3903115e-002
-8.2337043e-003
1.6504892e-002
1.0776468e-001
8.9409359e-003
-5.7078059e-002
2.2090777e-002
-1.7484523e-001
0.0000000e+000
0.0000000e+000
-1.8091872e-002
1.2483003e-001
6.4424398e-002
-1.3652568e-002
-1.7843448e-001
2.8313311e-001
8.8317517e-002
4.0803864e-002
1.1428686e-001
-2.5269546e-001
-2.4042971e-001
8.9498902e-002
-9.8245314e-002
-6.6282866e-003
0.0000000e+000
0.0000000e+000
3.8834917e-003
1.2829064e-001
-2.9786295e-002
-1.6581558e-001
-1.3302457e-002
1.0202749e-001
2.0797079e-001
-9.3788647e-002
-1.0341699e-001
3.3883543e-002
-1.5103517e-001
-3.5157878e-002
-9.1205847e-002
1.6581966e-002
0.0000000e+000
0.0000000e+000
2.7793421e-003
3.5201290e-002
5.1801586e-002
-6.5056530e-002
-1.1994576e-001
-2.2554090e-001
-2.1193433e-001
2.2682493e-001
-7.9603310e-002
1.1485662e-001
1.7751960e-001
-1.1727870e-001
1.1264583e-001
6.2109640e-003
0.0000000e+000
0.0000000e+000
-2.6423910e-003
-1.4295825e-002
-7.5466409e-002
2.5086569e-001
-1.8993222e-001
-1.0451336e-001
-5.6836822e-002
1.1249200e-001
1.7781390e-002
3.2172361e-002
-4.4206039e-002
1.9107791e-001
-1.3898173e-001
7.2217268e-002
0.0000000e+000
0.0000000e+000
1.1543758e-001
-9.6487898e-002
-9.3842127e-002
1.9274256e-001
9.3544359e-002
1.8774408e-001
1.0693194e-001
-1.9392670e-001
9.9431840e-002
-9.7628684e-002
-2.9520790e-002
-4.7143096e-003
1.0046484e-001
-7.0481171e-002
0.0000000e+000
0.0000000e+000
-8.7683628e-003
3.0122795e-002
8.5386616e-002
-1.6389652e-001
7.5375426e-002
7.1539005e-003
-9.4416879e-002
1.8700690e-002
1.4410583e-002
-2.8779789e-002
1.4904011e-001
-3.7360124e-002
7.7631314e-003
2.5349516e-002
0.0000000e+000
0.0000000e+000
1.2749425e-002
1.7209315e-001
49
49
54
-1.3163661e-001
-1.7466684e-001
-2.8636634e-002
-2.0186577e-001
1.3058406e-001
-1.8968078e-001
1.8089813e-001
2.7874025e-001
2.5853546e-001
-7.6671514e-002
4.6257349e-002
-2.7691496e-002
0.0000000e+000
0.0000000e+000
2.3781655e-002
-1.2041809e-001
-1.0363929e-001
-6.5329092e-002
5.6553044e-002
-2.7610473e-002
-5.1314652e-002
-2.1345528e-001
-6.3064073e-002
1.1707469e-001
4.2391611e-002
2.1508217e-001
2.6955759e-002
-1.9775123e-001
0.0000000e+000
0.0000000e+000
4.1850038e-002
-4.3163940e-002
6.5725133e-002
4.7233897e-002
-6.9155828e-002
2.3338173e-001
5.2691167e-002
4.0947425e-002
9.1603745e-002
-1.4061221e-001
-1.1930973e-002
-6.1289473e-002
-8.6075091e-003
-1.4550134e-002
0.0000000e+000
0.0000000e+000
2.6708294e-002
2.1927137e-002
-4.5512684e-002
1.0892169e-002
-7.3929055e-002
2.2251002e-002
1.9899342e-001
-1.0437104e-001
1.1996611e-001
3.3357021e-002
-2.4331701e-001
2.9150033e-001
-1.6247429e-001
4.6198740e-002
0.0000000e+000
0.0000000e+000
1.0501805e-001
-9.4294889e-002
2.7064373e-002
-7.7209436e-002
-9.3848596e-002
-2.0842864e-002
-9.8053620e-003
1.7591371e-001
-6.9614958e-002
-2.0994148e-003
1.0938625e-001
-1.7445821e-001
1.2834456e-001
-1.3362153e-001
0.0000000e+000
0.0000000e+000
3.2168128e-002
-4.8581905e-002
2.1642591e-001
-1.3856908e-001
-5.6216190e-002
8.1397454e-003
-3.3301355e-001
6.7202958e-002
-6.2792242e-003
2.5158546e-002
1.1530481e-001
-5.2520564e-002
-7.6721557e-002
8.5925927e-002
0.0000000e+000
0.0000000e+000
-7.5090095e-002
1.8968358e-001
6.8240895e-002
3.5115916e-002
-2.1448749e-002
9.8630157e-002
1.9181419e-001
4.1547867e-002
-2.2882798e-002
5.5008430e-002
-3.2841365e-001
1.0590329e-001
-3.1622162e-003
-9.9703680e-002
0.0000000e+000
0.0000000e+000
-1.0514985e-001
-9.4622675e-002
2.4689066e-001
-7.4365493e-002
2.5463176e-001
2.9045105e-002
-9.3880824e-002
-1.3442454e-002
-1.1207811e-001
1.5311880e-001
-7.4941804e-002
-6.3372466e-003
-1.4758769e-001
-6.7482241e-002
0.0000000e+000
0.0000000e+000
-3.2868652e-002
-1.1687577e-001
1.0050747e-001
1.0774543e-001
-7.4343395e-002
-2.2927560e-003
-2.1176364e-001
-1.3778216e-001
-1.7772782e-002
-7.6693265e-002
4.7792039e-001
-1.2251310e-005
5.8993397e-002
-7.8040251e-002
0.0000000e+000
0.0000000e+000
-1.2356785e-001
-8.6215846e-002
-5.3228106e-002
-2.0614571e-001
-1.6179132e-001
1.6740399e-001
3.0780299e-001
3.4245195e-002
1.4664300e-001
4.4402671e-002
-7.9979800e-002
-1.0724028e-001
4.8660201e-002
-2.5322651e-001
0.0000000e+000
0.0000000e+000
-3.6038031e-002
5.9068648e-002
49
50
56
3.0030735e-002
6.5657849e-002
-7.7999108e-002
6.9747804e-002
-2.0286006e-001
-8.1209869e-002
-5.6666687e-002
-4.2933140e-002
2.5506244e-002
7.8252962e-002
1.6567048e-001
-3.3066640e-002
0.0000000e+000
0.0000000e+000
-3.1255142e-001
8.2800273e-002
1.2846648e-001
-2.3799793e-001
7.7144719e-002
-6.3840738e-002
7.5984854e-002
6.6517192e-002
-1.5720807e-001
1.8553482e-001
-1.0058912e-001
1.0285596e-001
-4.2345208e-002
-8.4557881e-003
0.0000000e+000
0.0000000e+000
4.8984317e-002
-1.0361082e-002
9.8875185e-002
-1.2472176e-001
1.0047292e-002
-2.5833760e-002
-4.2642622e-002
-4.9628848e-002
-2.8223956e-002
1.0500038e-001
2.1585055e-003
2.8819549e-002
3.4721804e-002
-5.5331765e-002
0.0000000e+000
0.0000000e+000
-8.5896289e-003
-1.1765091e-003
-9.0498440e-003
-4.6283852e-002
-1.2317209e-002
1.5773903e-002
4.0529343e-002
-1.4016532e-002
7.6301732e-002
-3.2676960e-002
-1.8160710e-002
2.7733357e-002
-9.3036708e-002
-1.0172357e-001
0.0000000e+000
0.0000000e+000
1.0848388e-001
-9.9890563e-002
4.9153598e-002
2.4224154e-002
1.4260447e-002
2.5166432e-002
-1.3073906e-002
-2.0527334e-002
6.0908866e-002
-1.0613315e-001
9.2255133e-002
-6.9192800e-002
-3.1115655e-002
1.8390093e-002
0.0000000e+000
0.0000000e+000
-1.1167686e-002
-5.4977966e-003
-1.2386433e-001
-5.4125946e-002
-2.0440691e-002
2.3955486e-002
3.6706534e-002
2.0427363e-001
-1.2159352e-001
1.5757015e-003
-4.0934852e-002
3.4958027e-002
5.5237236e-002
-1.4788251e-001
0.0000000e+000
0.0000000e+000
5.3609059e-002
4.6507452e-002
-7.9008096e-002
3.6856771e-002
-3.3400669e-003
1.7897599e-002
6.6970697e-003
7.0006888e-002
-2.3571854e-001
4.5422381e-002
7.6698348e-002
-3.9637760e-002
1.5186368e-001
-1.4130346e-001
0.0000000e+000
0.0000000e+000
-2.2425565e-001
-2.2852807e-002
1.9140963e-001
-1.1017606e-001
-1.1179814e-001
-3.5959050e-003
-6.1013691e-002
4.6845427e-002
-1.6588806e-002
1.5291410e-001
-7.3521872e-002
-1.0822276e-001
-1.1899945e-001
6.2932544e-002
0.0000000e+000
0.0000000e+000
-3.1297953e-002
-1.7950985e-003
1.5020565e-001
5.5425085e-002
-3.1367287e-001
1.3009805e-001
3.5227908e-002
-1.4242436e-001
2.5391951e-001
-3.8362247e-002
1.0903837e-001
2.1434262e-002
-1.3179140e-001
-1.5943738e-002
0.0000000e+000
0.0000000e+000
8.4664960e-002
-4.4480173e-002
-4.4637556e-003
-3.6824498e-002
2.6999202e-002
1.6263729e-001
-4.1983422e-002
4.1003220e-002
-8.5200065e-002
-9.8348374e-002
-3.0272863e-002
-8.8860001e-002
1.6686137e-001
-2.1768073e-002
0.0000000e+000
0.0000000e+000
-2.9952598e-002
2.4857198e-001
49
52
55
-6.2343178e-002
1.7139533e-001
-1.4267785e-001
1.4269605e-001
-2.1403686e-001
-9.0190264e-002
2.8692978e-001
-4.7989770e-001
-8.5541837e-002
1.3580960e-002
5.8086615e-002
1.8524474e-001
0.0000000e+000
0.0000000e+000
6.0078615e-003
1.7372030e-001
4.1446786e-002
2.6100257e-001
5.0915850e-002
-5.7739222e-003
-8.5094522e-002
-2.0640931e-001
7.6414229e-002
-8.4335164e-002
3.8331314e-002
2.9155200e-001
-1.5814452e-001
1.1074349e-001
0.0000000e+000
0.0000000e+000
-3.8989447e-002
-1.3158265e-001
1.4230207e-001
-1.2795519e-001
2.8438760e-002
4.8491657e-003
3.1013339e-002
5.8396143e-002
-6.8235660e-002
1.0181483e-001
-5.6151141e-002
5.0446555e-002
4.0495369e-002
-9.9544358e-002
0.0000000e+000
0.0000000e+000
-6.3757065e-002
-4.1942304e-003
2.3654103e-002
-1.8545160e-002
7.3102231e-002
-9.7646445e-002
-2.6453764e-002
-7.9453759e-002
3.3112781e-002
6.5269228e-002
-2.4268911e-002
1.2138035e-001
-5.8825365e-002
-1.2324691e-002
0.0000000e+000
0.0000000e+000
-8.5099585e-002
1.1783745e-001
7.8007995e-002
3.3127248e-002
-8.0677240e-002
4.0652020e-002
-1.0730961e-001
-4.0766359e-002
4.3043939e-002
-1.6078298e-002
-2.2112351e-002
9.0810016e-003
-5.2850580e-002
1.3119802e-002
0.0000000e+000
0.0000000e+000
1.8451529e-001
-5.6353495e-002
-2.2219750e-002
-1.4549664e-002
6.7105857e-002
1.9533747e-002
8.9074535e-002
-1.4235687e-002
-1.3751788e-001
-4.6663771e-002
-3.2710071e-002
1.9201728e-002
1.1907369e-003
8.4558144e-002
0.0000000e+000
0.0000000e+000
1.6627898e-001
-5.9805681e-002
-5.3755878e-002
4.6684881e-002
-1.0002195e-001
4.0909352e-002
-1.0413892e-003
7.0336107e-002
1.4390905e-002
-1.4358927e-002
9.2978493e-002
9.8723040e-003
7.1828894e-002
-8.4387626e-002
0.0000000e+000
0.0000000e+000
-1.3380635e-001
-4.5526480e-002
1.8550594e-001
-1.0881232e-001
-1.0386356e-001
4.4065023e-002
-2.0037316e-001
9.9396558e-002
1.4568883e-002
6.4768092e-002
-6.5689654e-002
7.1343645e-002
-5.8073315e-002
-5.2431121e-002
0.0000000e+000
0.0000000e+000
2.8895704e-002
5.9548692e-002
5.2569852e-002
7.6736850e-002
-1.1131678e-001
-3.5005408e-002
1.6460419e-001
-1.2758543e-001
1.1416220e-001
4.1083935e-002
7.9021884e-002
1.6009644e-003
-6.0585201e-002
-7.5147755e-003
0.0000000e+000
0.0000000e+000
-1.1828163e-001
-1.0984236e-002
-7.4981162e-002
2.1585893e-002
9.4142146e-002
1.4930908e-002
1.7576284e-001
6.9769953e-002
-1.9313043e-001
-6.5676140e-002
2.6452827e-002
-7.6766428e-002
2.7181711e-002
7.0190438e-003
0.0000000e+000
0.0000000e+000
-6.7695358e-002
-1.2879751e-001
49
53
57
-1.0258497e-002
1.0004546e-001
-3.0580080e-001
2.2082960e-001
-1.3697449e-001
-7.3006767e-002
3.6771142e-001
1.4408884e-002
3.8097413e-001
-3.1470920e-001
-1.6305871e-001
-1.3784284e-001
0.0000000e+000
0.0000000e+000
1.0795063e-001
-1.1076907e-001
4.2392567e-001
-1.5819385e-001
-7.3829955e-002
-3.8730506e-003
-5.9297365e-001
1.5262747e-001
1.5649603e-001
-9.1437498e-002
2.7238654e-001
-1.3265434e-001
-1.1033514e-001
4.0416908e-002
0.0000000e+000
0.0000000e+000
-7.8118067e-002
4.1322597e-002
3.2856051e-001
-6.1728243e-002
-4.1545172e-002
-3.4277189e-002
-5.6274267e-002
3.8684994e-002
6.6106720e-002
-8.4743591e-002
-2.4865560e-002
-9.6767675e-002
3.4891966e-002
1.1167723e-001
0.0000000e+000
0.0000000e+000
-1.1858259e-001
2.3011253e-002
1.4874384e-002
-2.0899218e-002
8.1245336e-002
3.0286223e-002
-4.5975180e-002
9.6305733e-002
-1.2638967e-001
-3.9105490e-002
1.0554849e-001
-8.5518559e-003
-1.0007071e-001
5.4531831e-002
0.0000000e+000
0.0000000e+000
5.8815432e-002
-7.7179146e-003
3.0652798e-003
1.0171251e-001
-4.1648040e-002
2.7794077e-002
-3.4014233e-002
-3.8873212e-002
4.1056627e-002
9.7354321e-002
-7.3276909e-002
1.6970298e-001
-1.4153540e-001
-9.9418050e-002
0.0000000e+000
0.0000000e+000
1.3770690e-002
1.5997748e-002
1.9542686e-001
-5.1583780e-002
-1.2178237e-001
-1.2858245e-002
-1.9066891e-001
-1.0092633e-001
-4.6456404e-002
1.0354750e-001
1.8793956e-001
-1.9877193e-002
8.8037473e-002
-2.0103905e-003
0.0000000e+000
0.0000000e+000
7.8389058e-003
-1.1096331e-001
1.4256113e-001
2.8158653e-001
-1.0876646e-001
-8.7774451e-002
-8.0948916e-002
-1.3224480e-001
1.3910990e-001
1.3877209e-002
1.3299111e-002
-5.3510804e-002
-1.4332123e-001
-1.0417981e-002
0.0000000e+000
0.0000000e+000
-6.8092079e-002
4.2297363e-002
-1.9348097e-001
4.4244739e-002
-5.5155263e-002
1.1551680e-001
1.6182043e-001
-8.0952924e-002
2.5823326e-002
-1.2062233e-001
-1.9429836e-001
3.4150460e-002
-9.8981552e-002
7.8886392e-002
0.0000000e+000
0.0000000e+000
-1.5244451e-001
1.2241336e-001
3.3480246e-002
-1.7969458e-001
5.9815626e-002
4.4800887e-002
2.8181222e-001
-6.2865348e-002
-4.5918015e-003
-1.0619029e-002
-7.6768339e-002
-2.6568587e-002
1.3654490e-001
-1.2405362e-001
0.0000000e+000
0.0000000e+000
8.5629292e-002
2.6857489e-002
8.3288278e-002
2.8036309e-002
-1.1620904e-001
-2.1426424e-004
-1.4467858e-001
1.0339163e-001
7.0295840e-003
-1.0073639e-001
1.9098996e-001
3.7074415e-003
2.1774086e-002
5.2328799e-002
0.0000000e+000
0.0000000e+000
1.3113115e-001
-9.4660564e-002
49
55
49
2.8933895e-002
3.7207693e-001
8.9802854e-002
-1.6025834e-001
1.5193719e-001
-6.9327952e-001
-4.4041705e-002
2.7197933e-001
2.1863023e-001
2.7258088e-001
9.3013112e-003
-9.5570146e-002
0.0000000e+000
0.0000000e+000
8.7150545e-002
-2.2652198e-001
-3.8114354e-001
-6.8561137e-002
-1.4978366e-001
2.2750967e-002
3.5855492e-001
1.6617005e-001
3.4865197e-003
6.3547976e-003
1.9341437e-002
-4.0549585e-002
-1.8239494e-001
5.6879052e-002
0.0000000e+000
0.0000000e+000
1.2492006e-001
5.1194895e-002
4.6908632e-002
1.4656969e-002
-9.9559664e-003
6.6045903e-004
9.4790870e-002
-5.7943697e-002
8.1820597e-002
-2.1109959e-004
-2.4531592e-001
8.5274975e-002
-6.4369705e-002
-4.0295152e-003
0.0000000e+000
0.0000000e+000
-8.5131881e-002
3.5318907e-002
1.6543457e-001
-1.6010692e-001
7.5107120e-002
-2.5716996e-002
4.1586525e-003
-4.1478970e-002
3.8298432e-003
1.0538688e-001
8.4383281e-002
2.0811612e-001
-2.2126402e-001
4.7576878e-002
0.0000000e+000
0.0000000e+000
9.0724857e-002
3.9191723e-002
5.6578003e-002
-2.9691195e-002
-7.0968513e-003
2.9186255e-002
-4.4577449e-002
1.1740827e-001
-1.2339161e-001
-1.2235204e-002
1.7531931e-001
-1.1999261e-001
1.3669501e-001
1.4964374e-001
0.0000000e+000
0.0000000e+000
3.8096761e-002
-1.0681799e-001
-2.2651520e-001
-8.4056646e-002
1.4695748e-001
-9.1184352e-003
3.0423991e-002
-1.0619343e-002
-4.6812518e-002
-2.6702904e-002
-1.2520942e-001
3.8081723e-002
4.9714285e-002
-6.6817173e-002
0.0000000e+000
0.0000000e+000
-9.9236648e-002
-2.8515189e-002
-3.0960390e-002
1.6122737e-001
-8.4335385e-002
9.1925897e-002
-1.6254463e-001
4.6751249e-002
-1.2400782e-001
-5.8063572e-002
6.1577988e-002
3.3943548e-002
-1.4205510e-001
-1.1767324e-002
0.0000000e+000
0.0000000e+000
-5.8569529e-003
5.1893464e-002
2.8938383e-001
-3.7632821e-002
-1.7189919e-001
-8.2210793e-002
-2.3335177e-001
1.7298413e-001
-6.1467886e-003
-1.6852027e-002
1.8200260e-001
-1.5453114e-001
-1.7093083e-001
-1.2036127e-001
0.0000000e+000
0.0000000e+000
6.6490797e-002
7.6561261e-002
1.5651781e-001
-8.2543888e-003
-1.8565538e-001
3.2461449e-002
3.3565120e-001
2.6569436e-002
-6.8403705e-002
-4.4321444e-002
-9.0728952e-002
6.8982026e-003
-4.1399974e-002
-3.7428902e-002
0.0000000e+000
0.0000000e+000
6.0001258e-002
-1.3194420e-001
-6.2197800e-002
-8.2119750e-002
1.8678825e-002
2.5536985e-002
6.5104429e-002
8.2341000e-002
-1.1097287e-001
1.4666418e-001
-6.3677410e-002
-1.0424433e-001
1.0419191e-001
1.7769156e-001
0.0000000e+000
0.0000000e+000
1.4912763e-002
-9.7293912e-002
49
56
51
-5.3950448e-002
1.3491102e-001
-8.3534290e-002
-8.7441719e-002
6.7902159e-002
-2.0271120e-001
2.4825973e-001
3.0038945e-002
-3.7247311e-001
1.3387044e-001
-1.6429960e-001
8.5142565e-002
0.0000000e+000
0.0000000e+000
-4.6407613e-002
2.7996626e-001
-9.9445733e-002
-1.0294618e-001
1.4897969e-001
-2.5018756e-002
9.0755282e-002
1.5109892e-001
-1.4201042e-001
1.4542062e-001
1.2115192e-002
-5.3766930e-002
1.7960083e-001
-1.1067006e-001
0.0000000e+000
0.0000000e+000
-6.7805953e-002
1.7714706e-002
1.3115537e-001
-3.6642748e-003
4.4400611e-002
-1.2253587e-002
-2.2810084e-002
6.9425364e-002
-7.7428830e-002
6.1046299e-002
2.7265755e-002
-3.4402956e-002
-7.9715732e-002
1.0674056e-001
0.0000000e+000
0.0000000e+000
-6.9900283e-002
1.2326836e-002
5.8794600e-002
-1.9204154e-002
7.8182227e-002
2.2093059e-002
-2.3519330e-001
6.7274106e-002
-1.4690841e-003
-6.9932122e-002
2.5784814e-001
-9.1375489e-002
-2.9345408e-002
3.7588153e-003
0.0000000e+000
0.0000000e+000
-2.6662501e-002
3.7691778e-003
3.2060879e-002
-7.1796794e-002
-1.6872823e-001
9.3470786e-002
9.2950117e-002
-8.6519954e-002
-3.1851924e-002
-4.7077378e-002
3.3780636e-002
5.4455548e-002
8.1842394e-002
-5.3113605e-002
0.0000000e+000
0.0000000e+000
-1.1519365e-001
-1.9128564e-002
-8.3890692e-002
-7.3987810e-002
-2.1889459e-002
1.0084573e-001
1.5698880e-001
1.1869557e-001
7.0213426e-002
8.5881423e-002
-4.1042040e-002
-3.9055727e-002
-5.2392295e-002
1.3930308e-003
0.0000000e+000
0.0000000e+000
6.8947453e-002
7.0443205e-002
4.8024228e-002
3.0344122e-002
2.9372303e-001
1.0162435e-002
1.1556299e-001
-3.9451683e-002
6.6176423e-002
1.2609263e-002
-3.0841262e-001
3.7263834e-002
-5.0498934e-002
7.0737116e-002
0.0000000e+000
0.0000000e+000
9.0514042e-002
6.6063112e-002
-1.0455047e-001
2.1109281e-001
-4.9041647e-002
-8.7884516e-002
-1.0636482e-001
-2.9642581e-001
5.8700187e-002
-4.9062227e-002
5.3013008e-002
3.1694665e-001
-3.5218666e-002
-1.0494210e-001
0.0000000e+000
0.0000000e+000
1.1006549e-001
-9.8108826e-002
-4.8915740e-002
1.6518036e-001
-8.0892698e-002
1.8473606e-001
-4.4155483e-002
-5.9206365e-002
4.3107733e-002
-2.2029297e-001
1.9674606e-001
-6.2174778e-002
2.7455693e-002
1.4747268e-001
0.0000000e+000
0.0000000e+000
-1.4340414e-001
-8.8965236e-002
-1.2948592e-001
-1.3376866e-001
1.6209296e-002
1.0926834e-001
2.1129249e-001
-2.1166243e-002
1.1919173e-001
1.8695305e-002
-2.1609285e-002
-1.4869609e-001
-6.0172461e-002
1.5625847e-002
0.0000000e+000
0.0000000e+000
-6.5386525e-002
1.3785523e-001
49
57
53
-8.1221015e-002
3.5638162e-002
1.8011353e-002
9.9023114e-002
7.2387394e-002
-1.6841841e-001
-5.0377462e-003
-1.2125796e-002
1.1965844e-001
-1.2775523e-001
2.0411238e-002
-5.7528770e-002
0.0000000e+000
0.0000000e+000
1.8508267e-002
1.1532307e-002
1.4971575e-002
-3.2178925e-001
1.7835761e-002
1.2458993e-001
-4.1110077e-002
3.9991823e-001
3.3862555e-003
-1.9139348e-001
-1.6846770e-001
-3.4098711e-002
-1.7474876e-001
1.8815528e-001
0.0000000e+000
0.0000000e+000
1.1281344e-001
-9.5569087e-002
7.4431876e-002
2.5084973e-002
6.3657823e-002
-8.2440675e-002
3.4322022e-002
-1.0571246e-001
2.8801597e-002
1.2375434e-001
-8.4354027e-002
8.6379811e-002
-3.4714017e-002
-1.0970968e-002
0.0000000e+000
0.0000000e+000
-8.2141887e-002
1.6795622e-002
-6.3651766e-002
-1.1968582e-001
9.9715379e-002
-1.1031869e-001
1.0447163e-001
1.0467592e-001
-5.1446832e-002
4.5576997e-002
1.6105091e-002
-1.1648887e-001
-5.5690108e-002
4.4870018e-003
0.0000000e+000
0.0000000e+000
5.9131047e-005
-4.9001510e-002
-5.9112411e-002
8.9470344e-002
-4.5164777e-002
3.7250583e-002
8.2249230e-002
-1.2994417e-002
-2.4205727e-002
-5.1849272e-002
4.5335533e-002
-5.4951354e-002
4.1043988e-003
-8.3614080e-002
0.0000000e+000
0.0000000e+000
-3.1692146e-002
-4.3139288e-002
-6.5296893e-002
-1.1283403e-002
-5.2612600e-002
8.5479195e-002
4.5843360e-002
-2.4132908e-003
2.0232909e-002
1.0465667e-004
-2.0376445e-002
-8.8146213e-002
3.5802864e-002
5.0854759e-002
0.0000000e+000
0.0000000e+000
1.0361640e-001
1.8469257e-002
-6.0690413e-003
1.9022291e-001
-1.1529869e-001
8.5547032e-002
9.0856978e-002
-2.0784293e-001
1.1947753e-002
-6.4109899e-002
5.3189132e-002
5.5415367e-002
-1.2931486e-001
5.0827449e-002
0.0000000e+000
0.0000000e+000
-3.4964761e-002
7.6649804e-002
1.2014901e-001
2.2912461e-003
-2.6844220e-002
8.6624908e-002
-1.3978200e-001
1.0716083e-001
-1.5503905e-001
6.2469287e-002
3.8228631e-002
3.9864647e-002
-2.9098376e-002
-2.8633276e-002
0.0000000e+000
0.0000000e+000
7.7855549e-002
1.5906203e-002
9.2129064e-003
-2.1398524e-002
3.9752163e-002
-5.6793465e-002
1.2409244e-001
5.2262027e-004
5.6915684e-003
-1.6565135e-002
-3.2706229e-002
-8.9045180e-002
1.2617757e-001
3.0324189e-002
0.0000000e+000
0.0000000e+000
2.8080318e-002
-3.6860695e-002
-6.8267115e-002
3.0402696e-002
-8.1165524e-002
-2.1969699e-003
-2.9737309e-002
-9.1323431e-002
1.3412800e-001
-9.3445452e-002
-4.9100432e-002
7.2469161e-002
-1.5265946e-001
5.3673437e-002
0.0000000e+000
0.0000000e+000
-3.8711694e-002
-2.3485161e-002
50
48
55
5.0875648e-002
5.3188665e-002
1.0833618e-001
-1.8605352e-001
6.1301465e-002
-1.1271068e-001
-1.1245763e-001
2.3769450e-001
-1.7642167e-001
9.5018184e-002
3.2587968e-002
-1.0188021e-001
0.0000000e+000
0.0000000e+000
8.5511471e-002
3.8174868e-002
6.4657756e-002
3.0070215e-002
7.6084254e-002
8.0170752e-002
-1.1282338e-001
2.6816041e-002
8.1849816e-002
-1.7104417e-001
8.5427725e-002
3.2541615e-002
-7.7621560e-002
8.7429177e-002
0.0000000e+000
0.0000000e+000
-8.9580170e-002
2.6890743e-002
1.0569385e-001
-9.2607903e-002
4.6971190e-002
-6.7491462e-003
1.8397729e-002
-8.5905062e-004
4.4324296e-002
4.5989799e-002
-4.9848401e-002
3.5021368e-002
-7.5665099e-003
1.4008705e-002
0.0000000e+000
0.0000000e+000
-1.7885901e-001
3.0705226e-002
1.8764844e-002
-2.3937910e-002
5.6872961e-002
-2.5157153e-002
3.4104978e-003
-7.9632471e-003
-6.3494488e-002
4.1528677e-002
7.6847719e-002
2.6608963e-002
-7.7091607e-002
2.4458440e-002
0.0000000e+000
0.0000000e+000
6.2554618e-002
-4.4232897e-002
6.7037524e-003
-1.0128616e-002
6.7576321e-002
-3.5070848e-002
-5.6086113e-002
1.3837351e-001
-6.1045097e-002
-6.5852351e-002
3.9164832e-003
-1.5425851e-001
-2.6514133e-002
3.5061741e-002
0.0000000e+000
0.0000000e+000
2.9102240e-002
1.3956778e-002
-1.3803742e-001
-5.1944533e-002
3.7603002e-002
8.5348354e-002
2.2904354e-001
-5.4585168e-002
-1.4492310e-002
-3.5959751e-002
-7.3274113e-003
-1.2312447e-002
-6.0059416e-002
5.2669640e-002
0.0000000e+000
0.0000000e+000
-6.8145104e-003
4.2669268e-002
9.9821845e-002
-9.3486143e-002
-7.8629905e-002
5.3802734e-002
8.8237788e-002
-1.0210726e-001
3.8185498e-002
6.0761800e-002
4.8699890e-002
5.1389698e-002
1.2957095e-001
-1.1216628e-001
0.0000000e+000
0.0000000e+000
-1.6819633e-002
-1.7195260e-001
1.9195776e-003
-1.2703684e-002
-8.4886561e-002
8.1799629e-002
9.5199807e-002
4.7401624e-003
-2.2440281e-002
4.8769484e-002
-1.7890235e-001
9.2361657e-002
-8.7007924e-002
-3.1733664e-002
0.0000000e+000
0.0000000e+000
9.1003062e-002
3.1853706e-003
1.3725563e-002
5.7583511e-002
7.4903702e-002
-9.0411835e-002
-3.3242815e-002
5.8398254e-002
3.4594106e-002
-3.6193019e-003
4.5515378e-002
-1.2067745e-001
-1.8995019e-002
2.7594178e-002
0.0000000e+000
0.0000000e+000
3.7104697e-003
8.9158465e-002
1.4440001e-002
1.8865151e-002
4.2687742e-004
-4.0689329e-002
-1.3597083e-001
-3.8686939e-002
6.0871204e-002
3.4868837e-003
6.6440475e-002
-2.1645847e-002
-1.2130729e-001
4.0359613e-002
0.0000000e+000
0.0000000e+000
8.8856110e-002
-3.3857688e-002
50
50
48
-1.4529576e-001
1.0306578e-001
3.2613964e-002
7.5457149e-002
1.1066910e-001
-5.0205751e-002
-6.3869757e-002
-8.0120483e-002
8.6538764e-002
-1.5591561e-001
1.3444484e-001
7.0193882e-002
0.0000000e+000
0.0000000e+000
-6.6708632e-003
-1.5351303e-002
6.8622770e-002
1.3636760e-002
9.3736942e-002
-3.2214606e-002
-1.7060829e-002
-8.6078922e-002
-1.2386732e-001
1.8349413e-002
-1.7374592e-001
3.0602538e-001
-1.5724747e-001
9.6136513e-002
0.0000000e+000
0.0000000e+000
-5.4995931e-002
5.5894070e-002
-8.3334615e-003
3.5045197e-002
-4.5453704e-002
4.5665279e-002
3.5214288e-002
2.7132045e-003
-7.9251036e-002
-4.0009109e-002
-1.0511249e-001
6.6752987e-002
2.8488588e-002
-6.5685362e-003
0.0000000e+000
0.0000000e+000
-7.9990796e-002
5.6053029e-002
-1.1933499e-002
3.1621227e-002
-3.0255417e-002
-1.0532533e-001
-7.5060667e-002
2.8192467e-002
-1.8033898e-002
1.7762554e-001
-3.0519436e-002
-5.0917563e-002
-2.3722089e-002
-2.3785669e-002
0.0000000e+000
0.0000000e+000
-3.3736179e-003
-1.1949813e-002
-1.7766668e-002
-5.4871409e-002
7.7166912e-002
-5.0629447e-002
1.3197025e-001
-1.2288516e-001
7.5842140e-002
8.1388607e-002
2.0582248e-001
-7.5173632e-002
3.4136495e-002
1.6329693e-004
0.0000000e+000
0.0000000e+000
6.1782396e-002
-9.6790541e-002
2.0297228e-001
-1.6385603e-002
-9.8257401e-002
1.0169168e-002
-9.8295105e-002
-1.2630638e-001
3.3791047e-002
4.4407394e-002
2.2065152e-002
1.3305989e-001
-8.2780128e-002
-7.3059339e-002
0.0000000e+000
0.0000000e+000
1.8902168e-002
1.8166353e-003
1.4015145e-001
-1.1501894e-001
-1.4796401e-001
-8.6777909e-002
-4.7788705e-003
2.2762200e-002
6.9269939e-002
6.1021140e-002
-1.8488129e-001
1.6245283e-001
4.8318180e-003
-3.4021753e-002
0.0000000e+000
0.0000000e+000
-5.0965107e-003
6.6761486e-002
-1.3000177e-001
6.1863473e-002
-9.9358374e-003
-1.6303243e-001
-2.4401535e-001
1.5836341e-001
5.7591579e-002
-1.3040968e-002
1.2491082e-001
-6.9490036e-002
-1.2415833e-002
8.0005962e-002
0.0000000e+000
0.0000000e+000
-4.0093209e-002
1.0901787e-001
2.8912046e-002
1.7437543e-001
1.9183607e-002
1.6799917e-002
-1.2566414e-001
-9.8998682e-002
-3.0051218e-002
-8.8905981e-002
1.3530456e-001
-8.8827788e-002
8.8352477e-002
-5.5085201e-002
0.0000000e+000
0.0000000e+000
-7.7720847e-002
-9.9107510e-002
1.1285813e-001
-2.7135130e-002
-3.8422791e-002
1.5957045e-001
7.8670044e-002
1.3045931e-002
-1.1153636e-001
1.2120754e-001
-1.3713558e-001
-4.3932474e-003
1.6525462e-002
-1.5596309e-001
0.0000000e+000
0.0000000e+000
1.4747623e-001
-3.8739305e-002
50
51
53
-7.0357716e-003
-5.2693304e-002
2.5780101e-002
2.0935876e-001
1.4835787e-001
-4.5824328e-002
-1.3398607e-001
-1.7910682e-001
-2.4884208e-001
7.3038890e-002
8.4572120e-002
-1.9397075e-002
0.0000000e+000
0.0000000e+000
1.1396188e-002
6.5751377e-002
-5.8924970e-002
-1.2503876e-001
6.8359058e-002
-4.3192985e-002
9.6808589e-002
1.9845559e-001
-1.0936786e-001
1.1284850e-001
-8.0324929e-002
-9.7927176e-002
8.0662064e-002
-4.7369948e-002
0.0000000e+000
0.0000000e+000
-1.0318208e-002
5.2721013e-003
5.7347191e-002
1.1838350e-002
2.1348964e-002
2.2886368e-002
3.5301773e-002
-4.3659141e-002
-2.8729249e-003
-4.6105883e-002
-3.6930098e-002
-2.1251212e-002
2.7267505e-002
9.2693508e-002
0.0000000e+000
0.0000000e+000
-7.4666416e-002
4.8878384e-002
-6.2878998e-002
-9.8871868e-003
-5.3600229e-002
1.2808119e-001
1.2288459e-001
-8.4537703e-002
1.9757751e-001
-1.4734205e-001
-7.9695324e-002
-3.5548020e-002
7.1725885e-003
2.2641624e-002
0.0000000e+000
0.0000000e+000
-2.4489310e-002
7.4165479e-002
1.3682168e-001
-7.3055585e-002
3.8517122e-002
1.1618213e-001
1.4716289e-003
3.7671167e-003
1.5854169e-002
8.4531776e-003
-1.1556393e-002
-6.0601787e-004
2.1060358e-002
-8.8697395e-002
0.0000000e+000
0.0000000e+000
2.7665125e-002
3.6313975e-002
-7.1493928e-002
-2.1247517e-002
-1.1302430e-001
4.6857792e-002
1.9151812e-003
5.9783724e-002
-1.2465223e-001
1.7371529e-002
9.1837510e-002
6.8189603e-003
5.4606129e-002
3.6503007e-002
0.0000000e+000
0.0000000e+000
2.3780157e-002
1.4030643e-002
3.0034072e-002
1.3699621e-001
-2.6415797e-002
-4.7894762e-002
-4.5595698e-002
-1.2585773e-001
-1.3583530e-001
-7.1540553e-002
1.0370112e-001
-1.1338025e-001
-4.4019514e-002
2.6523858e-001
0.0000000e+000
0.0000000e+000
-2.8721390e-002
2.3347057e-002
1.2041273e-001
4.0036614e-002
-1.8073665e-002
2.6982837e-002
-3.1163267e-002
7.6515389e-002
4.0925586e-003
4.0863322e-002
-1.2805451e-001
8.8709352e-002
-2.4292970e-002
-2.9865431e-002
0.0000000e+000
0.0000000e+000
-1.2638174e-001
7.5138577e-002
6.2108383e-002
6.1059233e-002
-9.4264612e-002
1.5102269e-001
1.1004335e-001
1.6296315e-002
2.0957342e-001
-3.7661268e-002
-1.4068744e-001
1.3690936e-001
1.9275421e-002
-2.0108519e-001
0.0000000e+000
0.0000000e+000
-1.0967688e-001
-3.2120794e-002
-8.2684565e-002
-1.9993350e-002
-2.0294673e-002
4.0804159e-002
7.5743602e-002
-2.3214948e-002
-8.9431094e-002
-3.7159193e-003
5.7893073e-002
-8.4959281e-002
2.4175770e-002
-9.6774470e-002
0.0000000e+000
0.0000000e+000
1.5079422e-001
-2.2380955e-002
50
52
55
1.8317023e-001
3.0243869e-002
3.9766374e-002
-4.0141547e-002
-1.4555531e-001
-8.9974489e-002
1.5131259e-002
-3.3684115e-002
1.3023476e-001
-2.8286873e-001
1.1948726e-001
2.0398960e-002
0.0000000e+000
0.0000000e+000
1.2772725e-003
5.3911730e-002
1.4060383e-001
1.1322209e-001
-3.9094921e-002
3.9703753e-002
-5.9711476e-002
-1.7661955e-001
1.3518164e-002
-5.5255026e-002
1.0847946e-002
-2.7603643e-002
-2.5207735e-002
6.5318919e-003
0.0000000e+000
0.0000000e+000
6.0343502e-003
4.5553081e-002
6.9380245e-002
-6.6221443e-003
4.2625399e-002
-1.7810896e-002
1.5423889e-002
1.1562959e-001
-3.1834743e-003
-6.6953106e-002
-1.5064453e-001
1.4286576e-002
-2.1869792e-002
7.9836478e-003
0.0000000e+000
0.0000000e+000
-6.3981070e-002
-1.1325881e-002
-9.5391911e-002
-3.2237501e-002
4.8076237e-002
-6.9489737e-003
1.1551085e-001
-9.1110722e-003
-6.5222308e-003
-1.1643299e-001
-4.4744620e-002
1.0421319e-001
-5.7966589e-002
-3.8380336e-002
0.0000000e+000
0.0000000e+000
1.1175065e-001
5.6099229e-002
6.8383184e-002
-1.0543199e-001
3.0544524e-002
1.0430429e-002
1.0343052e-001
7.6760800e-002
-1.1165192e-001
8.4807143e-003
7.5145670e-002
-7.6427801e-002
5.1033625e-002
-1.0858151e-001
0.0000000e+000
0.0000000e+000
-1.0887334e-001
5.5257789e-002
-5.4695156e-002
2.1994718e-002
3.9856339e-002
-1.0466416e-002
-1.1359627e-001
-1.1482279e-002
1.5555071e-002
4.2605702e-002
1.2352283e-001
-8.4482174e-003
-1.5592704e-001
1.3019644e-001
0.0000000e+000
0.0000000e+000
-9.0344823e-002
-1.1215291e-001
-5.6277117e-002
3.9549452e-002
-1.4631138e-001
5.0053863e-002
-8.0544068e-002
-4.7892397e-002
7.1650430e-002
5.3579721e-002
-1.3390261e-001
6.9148446e-002
-9.4240000e-002
-2.5391723e-003
0.0000000e+000
0.0000000e+000
3.3301931e-002
-8.0382947e-002
-2.6834899e-002
4.1540494e-002
-1.3142230e-001
1.3570018e-002
-4.3611082e-002
8.9891552e-002
-7.6324908e-002
4.6396491e-003
1.3118045e-001
-2.0880091e-001
8.0645714e-002
-8.5969256e-004
0.0000000e+000
0.0000000e+000
7.2129789e-004
7.8178280e-002
9.2409126e-002
8.7003956e-002
1.0576260e-001
-1.0825165e-001
1.2042218e-001
2.4562757e-002
1.5083875e-001
-1.1215042e-001
5.0983131e-002
-3.4296142e-002
-1.9452867e-003
3.4230397e-002
0.0000000e+000
0.0000000e+000
1.8545081e-002
8.1195611e-002
1.2416185e-001
-1.7357356e-001
6.4438584e-002
8.2188824e-002
-1.5311945e-002
2.8770121e-002
-1.1503864e-001
6.3039079e-002
-8.3875289e-002
1.0879888e-001
-7.0323856e-002
-9.9215242e-002
0.0000000e+000
0.0000000e+000
1.2037454e-001
4.4407348e-002
50
54
50
-5.0007737e-002
-8.7367025e-002
1.2620276e-001
1.7663321e-002
1.3632003e-002
-1.5851591e-002
5.0404517e-003
-1.7669189e-001
-1.2253607e-001
1.1219909e-001
1.8848934e-002
4.3425521e-002
0.0000000e+000
0.0000000e+000
-1.9021174e-002
2.4365106e-002
1.8034890e-002
5.0552042e-002
1.5967062e-001
-6.2677651e-002
-4.5318596e-002
-2.4448274e-002
-2.0100299e-002
-5.5826806e-002
-7.3527479e-002
1.3968296e-001
-4.8498379e-002
-8.6101118e-003
0.0000000e+000
0.0000000e+000
-6.7746727e-002
6.6683082e-002
-6.4504859e-002
1.0741987e-002
-1.0246348e-002
2.8413127e-003
1.2609803e-002
-3.5887756e-002
-5.7600875e-002
-1.5358802e-003
-1.1864951e-001
7.8129361e-002
5.6142793e-002
-3.6143190e-004
0.0000000e+000
0.0000000e+000
-9.1665293e-002
-6.4700147e-003
6.6659214e-002
-6.0477599e-002
-1.2505462e-002
-2.1828545e-002
7.7836295e-002
-3.3789143e-002
7.8829329e-002
1.0667178e-001
-1.1685131e-002
3.8334100e-002
-5.9397938e-002
5.9556299e-002
0.0000000e+000
0.0000000e+000
-1.0478692e-001
-2.2561223e-002
-6.2267782e-003
1.8804298e-001
-1.2099614e-001
8.7714267e-002
5.8820153e-002
-1.6659085e-001
8.1509452e-002
1.4034611e-002
2.0005408e-001
-1.1769053e-001
-1.0369779e-001
3.1719398e-002
0.0000000e+000
0.0000000e+000
9.0307903e-002
-9.7843945e-002
4.9847326e-002
-2.2219065e-001
1.3614061e-001
-6.4672776e-002
1.6640407e-002
1.0083611e-001
-6.3087754e-002
6.3282016e-002
1.2329181e-001
-2.9673420e-002
1.1231880e-002
-1.8776107e-002
0.0000000e+000
0.0000000e+000
9.2823147e-002
-7.2071745e-002
-1.1111000e-001
1.1178484e-001
5.3263736e-002
3.1145953e-002
-3.5360602e-002
-1.9804638e-002
-1.8373374e-001
9.9974791e-002
-1.7266606e-001
1.4057455e-001
9.7291035e-002
-8.9192240e-002
0.0000000e+000
0.0000000e+000
-1.9106544e-001
4.4469157e-002
1.4165880e-001
2.2318275e-002
-7.9465953e-002
7.0381141e-003
-1.6481400e-001
1.8620556e-002
7.0195315e-002
1.0562421e-002
6.4224582e-002
-3.1333148e-002
-1.8775491e-002
2.0277677e-002
0.0000000e+000
0.0000000e+000
1.1717845e-001
-1.5200419e-001
1.4827010e-001
-7.9881785e-002
-2.8897600e-002
2.1611173e-002
1.3527479e-002
-2.7733009e-002
1.0589742e-001
-8.6739902e-002
-5.7314062e-003
-4.0848878e-003
-7.1362418e-002
5.4714946e-002
0.0000000e+000
0.0000000e+000
1.0064423e-001
-4.1391233e-002
-5.2052534e-002
2.7573969e-002
-5.9802026e-002
-3.8510984e-002
-1.2034636e-001
1.4194639e-002
-5.2240607e-002
7.2081828e-002
4.2872543e-002
6.3935248e-002
-4.0878668e-002
-7.6189936e-002
0.0000000e+000
0.0000000e+000
-3.7591380e-003
9.0180554e-002
50
55
53
-1.2044676e-001
5.4745208e-002
-4.2892272e-002
5.3852036e-002
2.5392863e-001
-1.6743100e-001
9.4244999e-002
-1.1041436e-001
-1.2473298e-001
9.1805744e-002
3.1256162e-002
-1.9573384e-002
0.0000000e+000
0.0000000e+000
-7.8835606e-002
1.0965004e-001
5.5857639e-002
1.1163653e-001
8.1690966e-002
5.4563126e-002
-5.7889054e-002
-1.8251810e-001
-4.5593750e-002
2.7732565e-002
7.5752100e-002
6.9244560e-002
9.3021718e-002
-1.1825116e-001
0.0000000e+000
0.0000000e+000
1.2237811e-002
-7.9836208e-002
-1.0947796e-002
1.1534062e-002
8.0213196e-002
-9.4365922e-003
5.4658090e-002
-5.8879731e-002
4.3625974e-003
-2.5332613e-002
-1.4957066e-001
1.0804898e-001
-5.8215257e-002
-1.2067317e-002
0.0000000e+000
0.0000000e+000
-1.5572477e-001
4.6120950e-002
1.1776995e-001
3.5711599e-002
4.4262454e-002
-6.3404833e-002
-6.8948215e-002
-8.6205224e-002
-3.5602842e-002
4.6705580e-002
-2.5167111e-003
1.0369962e-001
-7.8751927e-002
1.1359246e-002
0.0000000e+000
0.0000000e+000
-5.9725640e-003
-1.3255925e-002
3.6815247e-002
2.3129980e-001
-9.3916229e-002
1.9651528e-001
-1.5532662e-002
9.0264745e-002
-4.0238783e-003
-1.4112101e-001
3.7008608e-002
-1.2095297e-001
-5.4111668e-002
4.1736379e-002
0.0000000e+000
0.0000000e+000
5.4182496e-002
-3.0500412e-002
-1.1257825e-001
-3.9494864e-002
-1.2516860e-001
8.1774905e-002
1.1277525e-001
1.9655487e-001
-5.7836095e-002
1.7209177e-002
1.2302195e-001
-1.2109698e-001
1.7709087e-002
-9.8846544e-002
0.0000000e+000
0.0000000e+000
7.2743426e-002
-7.5337497e-002
8.5224581e-002
1.0317436e-002
1.1403327e-001
-1.6914492e-001
-8.6822084e-002
2.6989062e-002
3.2859275e-002
8.9518047e-002
3.8128577e-002
-2.9852641e-003
-2.1826166e-002
-5.5518677e-002
0.0000000e+000
0.0000000e+000
-7.4338108e-002
-4.9733248e-003
-6.9990627e-002
6.7500840e-002
-3.0710360e-002
1.1791929e-001
-2.2590481e-001
-4.9036528e-002
-9.7312530e-002
4.1478601e-002
-3.6460480e-002
8.5265506e-002
1.2538774e-002
2.7447258e-002
0.0000000e+000
0.0000000e+000
-1.0716560e-001
1.5112723e-001
7.2572793e-002
-8.5682156e-002
-7.3396013e-002
8.2371957e-002
3.1318847e-002
5.6372878e-002
6.5370054e-002
-2.0633552e-002
-6.4110825e-002
3.9658643e-002
-7.7089900e-003
2.7728643e-002
0.0000000e+000
0.0000000e+000
-6.0620182e-002
-8.3705224e-002
8.3359464e-002
-1.3393213e-002
-3.8964276e-002
-5.7257069e-002
7.6495990e-002
-6.3622414e-002
-1.7540752e-002
2.1115257e-001
4.6849736e-002
5.4722060e-002
-1.1911004e-001
5.1528556e-002
0.0000000e+000
0.0000000e+000
-1.9502920e-002
3.4112310e-002
50
56
55
-2.0420785e-001
4.2103026e-001
-1.0102503e-001
-1.1231965e-002
-1.5137502e-001
-3.5689329e-001
1.5030952e-001
-2.6038213e-002
-4.1322136e-002
1.8286204e-001
-1.5108948e-001
1.9970502e-002
0.0000000e+000
0.0000000e+000
8.3216665e-002
2.8277816e-001
6.5117271e-002
1.2966751e-002
-1.5088062e-001
1.0912489e-001
1.8042395e-002
6.2227053e-002
8.4385930e-002
-2.1460057e-001
-2.0704157e-001
-3.3468009e-002
-9.7504516e-003
1.3287830e-001
0.0000000e+000
0.0000000e+000
9.0668274e-002
1.1131310e-001
-2.5537751e-002
8.6647459e-002
-1.9533442e-001
9.4132944e-002
2.4525353e-001
-1.9412889e-001
2.0171333e-001
-1.1220589e-001
1.1339190e-001
-3.1799212e-002
-7.4236725e-002
7.4976294e-002
0.0000000e+000
0.0000000e+000
5.9050015e-002
-1.3906481e-001
-4.7260872e-002
8.4486874e-002
-6.6456964e-002
1.0627713e-001
1.6687604e-001
-2.0268164e-001
-3.4399647e-002
-1.0458978e-002
-1.0740072e-001
6.8872719e-002
-7.1663196e-003
5.1013220e-002
0.0000000e+000
0.0000000e+000
2.3198683e-003
7.3729604e-002
1.3649001e-001
8.4892177e-002
1.4292235e-001
-1.4344488e-001
-7.6232451e-002
9.9772177e-002
-1.1714924e-002
6.0853149e-002
-1.2577659e-002
-6.0327557e-003
-2.6594621e-002
2.9769328e-002
0.0000000e+000
0.0000000e+000
-1.3359358e-001
1.0050225e-002
-1.3954316e-002
-1.2808026e-001
1.1223987e-001
9.6297316e-002
1.9108293e-002
1.0159077e-001
1.0265008e-002
-1.1968349e-001
6.1242864e-002
1.3767824e-002
2.7276536e-002
-3.9769021e-003
0.0000000e+000
0.0000000e+000
-9.3247344e-003
-5.3209197e-002
6.5762079e-002
-2.3275353e-002
-5.6492593e-002
1.2496078e-001
-4.7861393e-002
9.6242431e-002
6.9796652e-002
-1.1176858e-001
4.7760897e-002
-4.0670001e-002
2.0378235e-002
5.6591752e-002
0.0000000e+000
0.0000000e+000
-8.0267557e-002
-3.6995041e-002
6.7657518e-002
-1.1088165e-001
2.8491077e-002
-6.7928922e-003
-3.3815763e-001
1.7388169e-001
-9.8994706e-002
-6.0630903e-003
-1.5278724e-002
-1.2943922e-001
8.9722912e-002
5.7418782e-003
0.0000000e+000
0.0000000e+000
1.6629888e-002
8.2049752e-002
6.9912939e-002
6.5542024e-002
-8.9267997e-002
-7.3278682e-002
2.0183477e-001
-2.6551018e-002
-1.2109027e-002
1.5804007e-001
-1.5687365e-001
2.4459358e-002
-1.1912037e-001
8.8418630e-002
0.0000000e+000
0.0000000e+000
-1.0538360e-002
-6.7260587e-002
4.3430088e-003
-3.1950499e-002
-2.2710356e-002
-2.6550078e-002
3.9117320e-002
-1.6092200e-001
2.2735480e-002
6.9411131e-003
4.3454817e-002
1.0681707e-001
-1.4490624e-001
5.4936278e-002
0.0000000e+000
0.0000000e+000
8.5730044e-002
2.0824178e-002
51
48
54
-1.4972567e-003
9.6348760e-002
1.4054721e-001
-8.8773620e-002
8.6466612e-002
-2.5795847e-001
-1.3277264e-001
5.0121196e-002
-1.3916955e-001
2.4186723e-001
2.5264395e-002
5.6295129e-002
0.0000000e+000
0.0000000e+000
-7.8355723e-002
-9.0460456e-003
-1.3739678e-001
1.2657381e-001
-4.1983777e-002
1.2078719e-001
1.4101301e-001
-8.0552078e-002
-8.1916146e-002
-1.1369327e-001
-9.5037530e-002
-5.6416569e-003
7.0530005e-002
9.7627438e-002
0.0000000e+000
0.0000000e+000
5.2498939e-003
8.5912910e-002
8.2761021e-003
-2.0035797e-002
-8.6102032e-003
3.0346657e-002
5.5505397e-002
7.9992403e-003
-3.8217917e-003
-8.9174559e-002
-1.1484975e-001
7.4249839e-002
6.8505509e-002
7.7464573e-003
0.0000000e+000
0.0000000e+000
-2.0128614e-001
-5.5074243e-002
5.6044083e-002
-2.7464599e-002
-1.7023355e-002
2.9527762e-002
2.5929176e-002
1.1269579e-003
-4.9235733e-002
2.3222583e-002
-1.3096756e-002
7.9228906e-002
-1.5791804e-001
4.6525338e-002
0.0000000e+000
0.0000000e+000
8.8102602e-002
7.2275841e-002
-1.0933715e-002
-2.4443990e-002
7.0700309e-004
-6.7912671e-002
-1.3336732e-002
1.2205813e-001
-4.8677037e-002
5.4359162e-002
-1.2319865e-002
-1.4591443e-001
9.9148255e-002
-1.4657597e-001
0.0000000e+000
0.0000000e+000
-3.5683518e-002
3.8466478e-003
3.4190384e-002
2.6936349e-002
4.9528697e-002
-3.9685733e-002
-7.0903510e-002
-5.0181962e-003
4.7888954e-002
-2.4245566e-005
1.4601025e-001
-2.6176392e-002
1.5371840e-002
-1.1350057e-001
0.0000000e+000
0.0000000e+000
-4.8520855e-002
3.7526987e-002
1.4948962e-002
1.1742877e-001
-9.2498918e-002
1.4063503e-002
1.0004003e-001
-6.0605776e-002
2.0230197e-002
8.9745161e-002
3.6680392e-003
7.3043047e-003
-9.6554209e-003
-5.0273527e-002
0.0000000e+000
0.0000000e+000
-3.7237032e-002
4.9117383e-002
7.1499140e-002
-1.9649872e-001
-2.4014132e-002
1.4159253e-001
-1.7682767e-001
1.5666577e-001
-2.3639974e-002
-8.2278851e-002
2.5162788e-002
-8.8199804e-002
7.2096976e-002
4.4375123e-002
0.0000000e+000
0.0000000e+000
3.3484087e-002
-6.1944769e-002
5.4200801e-002
-3.0289517e-002
4.1306154e-002
1.2169661e-001
-5.7273779e-002
-2.7700560e-002
-1.3597823e-001
-1.4801011e-001
-1.0305591e-003
-5.4728848e-002
5.1651599e-002
3.5372966e-002
0.0000000e+000
0.0000000e+000
-8.8680377e-003
-6.1457953e-002
-2.6987700e-002
6.7020262e-002
8.3963600e-002
-9.0225623e-002
1.6087437e-002
-2.9463956e-002
-6.6409243e-002
2.3081567e-002
3.8305941e-002
4.6081093e-002
-7.2025027e-002
-6.9433680e-002
0.0000000e+000
0.0000000e+000
4.0917876e-002
5.1471779e-002
51
49
56
-2.0212649e-001
2.4645322e-001
-2.3758948e-001
4.0500736e-001
3.5815865e-001
-4.0643450e-001
2.5751560e-001
-3.1632759e-001
-1.1802046e-001
5.4553868e-004
-7.2443387e-002
1.3555103e-001
0.0000000e+000
0.0000000e+000
-5.1820311e-002
1.3551631e-001
-7.3562182e-002
-3.3143633e-001
-2.1799970e-002
1.8741765e-001
-1.6295844e-001
5.7084715e-001
-8.1043775e-002
-2.1056987e-001
2.2866132e-001
-2.1256271e-001
1.8131094e-001
-1.4828528e-004
0.0000000e+000
0.0000000e+000
1.2477441e-002
-1.4969157e-001
4.5569711e-002
3.2918147e-002
-5.3200897e-002
-1.0801507e-001
4.2600252e-003
5.9529507e-002
1.8988190e-002
9.5460051e-002
-2.8046010e-004
-4.9459228e-002
-7.0473841e-003
-2.4371344e-002
0.0000000e+000
0.0000000e+000
-6.3064787e-002
1.9060134e-002
4.9551870e-002
1.8907567e-003
7.5222337e-002
-9.6976468e-002
-1.7114519e-002
-5.2444980e-002
-5.5332545e-002
1.2062055e-001
2.2331119e-003
3.9923224e-003
4.4997405e-002
5.7349359e-002
0.0000000e+000
0.0000000e+000
3.9599356e-002
-1.6184528e-002
2.1256939e-001
1.1483416e-001
-1.3308969e-002
5.6207272e-002
2.3138830e-001
-2.4649123e-001
9.6725072e-002
-3.7671430e-003
-1.7726896e-001
8.8169336e-002
-4.0616484e-002
7.1880582e-003
0.0000000e+000
0.0000000e+000
1.2589183e-002
3.4628911e-002
-2.1663410e-001
7.7597127e-002
-3.8160603e-002
9.2019103e-002
8.2021713e-002
-6.2450616e-002
5.2084974e-002
-1.0231857e-001
-3.9659171e-002
3.8589182e-002
-7.5985865e-002
-1.7046745e-002
0.0000000e+000
0.0000000e+000
-1.5350997e-001
1.0578463e-001
-8.4784442e-003
-5.7514489e-002
-5.5565733e-002
-1.1388875e-001
3.3983019e-002
9.6075651e-002
-4.3872620e-002
-1.4455233e-001
-5.3968930e-002
-3.0496173e-002
-1.2547904e-001
1.2614876e-001
0.0000000e+000
0.0000000e+000
-2.3660828e-002
9.6296757e-002
2.6662682e-001
-1.3967045e-001
-5.9122959e-002
-3.6473890e-002
-9.2317356e-002
1.4789336e-001
-1.4340673e-001
2.8753219e-001
-4.4178141e-002
-1.4277255e-001
1.3644248e-001
-1.7003123e-002
0.0000000e+000
0.0000000e+000
2.5521801e-002
-2.1012848e-001
1.0774164e-001
1.5137398e-001
2.7096502e-002
-1.2746280e-001
1.4108313e-001
-1.3549830e-001
5.9273301e-002
6.4763120e-002
-7.1760223e-002
-4.5042544e-002
1.2725876e-001
4.7318547e-002
0.0000000e+000
0.0000000e+000
-1.0128511e-001
-3.1797458e-002
-1.3813899e-001
-3.1521961e-002
-8.5856805e-002
1.7288465e-002
1.3855625e-001
-6.3705842e-002
3.9162350e-002
-5.4557609e-002
4.5888699e-002
4.8456725e-002
-1.2594613e-001
2.6259029e-002
0.0000000e+000
0.0000000e+000
1.9727911e-002
2.3365121e-001
51
51
48
-4.6037103e-002
2.6196492e-001
2.6451701e-001
-1.8259535e-001
6.3549745e-002
-1.7505068e-001
-3.8014202e-001
2.7145680e-001
-2.2295246e-001
2.3034980e-001
1.6661341e-001
2.2568231e-002
0.0000000e+000
0.0000000e+000
-1.1086318e-001
1.7031191e-001
9.4499959e-002
3.0705731e-001
9.9123551e-002
4.6331574e-002
-1.8765456e-001
-1.5354590e-001
-1.7697038e-001
-5.2139712e-002
1.4253008e-001
-2.2738922e-002
8.7229463e-002
7.1747391e-002
0.0000000e+000
0.0000000e+000
4.3263140e-003
-9.8743105e-002
4.0475632e-002
-6.1614839e-002
6.6167635e-002
1.9802204e-002
8.0033480e-002
-3.7374973e-002
7.8984527e-002
-5.8078820e-002
-9.1837901e-003
1.8247557e-003
-6.6791409e-002
9.2316468e-002
0.0000000e+000
0.0000000e+000
-4.1566153e-002
-8.6988666e-002
-1.2069051e-002
-5.4326884e-002
-2.4631343e-002
5.7218794e-002
1.2676543e-003
9.0323313e-002
-5.0881115e-002
-1.9557963e-002
2.2024269e-002
-2.6507042e-002
-5.4621729e-002
-5.3451420e-002
0.0000000e+000
0.0000000e+000
1.3739192e-002
-3.0031514e-002
4.8608874e-002
3.3080919e-001
-3.8893418e-003
6.4668629e-002
-3.5432199e-002
-1.5731703e-001
2.4020072e-002
8.8860813e-002
1.8233437e-002
7.7194619e-002
-8.4484212e-002
2.5153370e-003
0.0000000e+000
0.0000000e+000
9.2729314e-002
1.7809242e-002
6.5580853e-003
9.2368049e-003
2.3901770e-002
4.5955457e-002
9.4814109e-002
-1.5427895e-001
1.8863566e-002
-6.6985146e-002
-3.9131715e-002
2.3231837e-003
7.9691194e-002
8.8609194e-002
0.0000000e+000
0.0000000e+000
8.9066705e-002
-9.6962586e-003
8.9479686e-002
-2.5096458e-002
-5.5003252e-002
-8.3923101e-003
2.5361388e-001
-1.4739497e-001
3.0664572e-003
-5.0657173e-002
-1.3338741e-001
4.7441523e-002
-1.0006549e-001
-7.3499383e-002
0.0000000e+000
0.0000000e+000
3.2280827e-002
-7.6998654e-002
-1.7569366e-001
2.0301796e-001
-1.0717692e-001
7.9791581e-002
8.8893122e-002
-8.9322630e-002
9.9899865e-003
2.1764025e-002
3.0226371e-002
6.9408432e-002
-2.2879083e-002
-1.7878252e-001
0.0000000e+000
0.0000000e+000
1.4743733e-002
-6.1382335e-002
3.5155652e-002
9.1570727e-002
1.2491796e-002
3.0236075e-002
-8.0049632e-002
3.3615336e-002
5.6627679e-002
1.1216463e-001
-9.2178052e-003
1.1876032e-002
-6.1187781e-002
-3.3322166e-002
0.0000000e+000
0.0000000e+000
-9.9824711e-002
4.8473547e-002
6.1422673e-002
-1.4310879e-001
1.5220892e-002
-2.3913758e-002
-9.4779889e-004
1.2688855e-001
-7.3934885e-002
-3.3229639e-002
8.2208845e-002
-7.8681063e-002
-6.8198885e-002
9.9262087e-002
0.0000000e+000
0.0000000e+000
-1.6042841e-002
4.2989906e-002
