 -6.0309310e-002
 -6.1848047e-002
 -1.7986987e-001
 -6.9940973e-002
 -2.5745316e-001
  2.2918790e-001
 -7.0174249e-002
  2.4716335e-002
  3.4440678e-002
 -1.5507712e-002
  1.5005857e-001
  2.6416229e-001
  0.0000000e+000
  0.0000000e+000
 -1.7986381e-001
  1.8790336e-002
 -1.3003957e-001
  1.3292901e-001
 -4.0833956e-001
  3.6990037e-001
 -1.6799050e-001
 -5.1339030e-002
  2.5738569e-002
 -1.4490403e-001
  3.2810171e-001
 -1.2779068e-001
  1.4933493e-002
  1.2468114e-001
  0.0000000e+000
  0.0000000e+000
  2.2273345e-001
 -1.0415018e-001
  2.5391030e-001
  6.1506759e-002
  1.5243528e-001
 -1.0688950e-001
  2.7775797e-001
 -3.0387802e-001
  1.5537719e-002
  2.4430258e-001
 -4.6699901e-002
  1.2942247e-001
  2.0295889e-001
 -1.8873118e-001
  0.0000000e+000
  0.0000000e+000
 -2.7538210e-001
  1.5784057e-001
  2.8935368e-001
 -8.0354314e-002
  1.7044200e-001
 -1.7791901e-002
 -1.1255753e-001
 -5.5670425e-002
  3.1570391e-002
 -4.2473872e-003
  2.4976709e-002
 -1.4541765e-002
 -2.1949724e-002
 -1.3116536e-002
  0.0000000e+000
  0.0000000e+000
 -1.0327186e-001
  1.2220695e-002
  2.8837977e-003
 -8.4768312e-003
 -2.0267788e-001
 -6.1202280e-002
  1.0550455e-001
  2.5231078e-001
  6.3571751e-002
  4.6431457e-002
 -3.5548799e-002
 -1.0709870e-001
  1.4893529e-002
  1.2262322e-001
  0.0000000e+000
  0.0000000e+000
 -1.5628776e-001
 -4.6323883e-002
 -2.2740643e-001
 -1.1130826e-001
 -3.1229236e-002
  1.8563084e-001
  2.4392254e-001
 -1.3097471e-001
 -2.4120462e-002
 -1.5029313e-001
 -1.5804675e-002
 -1.2686605e-002
 -1.5253649e-001
  9.5609764e-002
  0.0000000e+000
  0.0000000e+000
  1.3351185e-001
 -3.4762006e-002
  2.4380907e-001
 -2.6531043e-002
 -3.6072512e-001
  1.9211823e-001
 -7.9260311e-002
 -1.4416824e-001
  6.4249529e-002
 -5.4472184e-003
  1.7640404e-001
  9.0528679e-002
 -1.5992138e-001
  2.3400748e-001
  0.0000000e+000
  0.0000000e+000
 -1.5666548e-001
 -2.5353006e-001
  2.0503179e-001
  2.3307290e-001
 -2.4054993e-001
  1.2910102e-001
 -3.3460576e-001
 -2.6452805e-001
  2.2269739e-001
  9.5044840e-002
  1.5885776e-001
 -4.1766204e-002
 -1.8765402e-001
 -6.0658093e-002
  0.0000000e+000
  0.0000000e+000
  1.1285120e-001
  5.1585114e-002
  1.3722817e-001
 -1.2349182e-002
  7.5264738e-002
  4.3586639e-002
  4.6399363e-002
 -1.5857551e-001
  3.5300349e-001
 -1.7025535e-001
 -6.1451279e-003
  1.1778281e-001
  2.4837398e-001
 -1.5252571e-001
  0.0000000e+000
  0.0000000e+000
 -1.2616956e-001
  6.0228309e-002
  6.3862520e-002
 -2.8768535e-001
  3.3450195e-001
  1.2315149e-002
  9.3837658e-002
  7.5386834e-002
 -3.6954390e-001
 -1.9140608e-001
 -2.6625380e-001
  1.2418404e-001
  1.2858459e-001
 -1.4734231e-002
  0.0000000e+000
  0.0000000e+000
 -2.0719602e-001
  3.6558008e-002
