  0.0000000e+000
  0.0000000e+000
  0.0000000e+000
  0.0000000e+000
  0.0000000e+000
  0.0000000e+000
  0.0000000e+000
  0.0000000e+000
  0.0000000e+000
  0.0000000e+000
  0.0000000e+000
  0.0000000e+000
  0.0000000e+000
  0.0000000e+000
  0.0000000e+000
  0.0000000e+000
 -7.6288209e-002
  7.8845067e-003
 -3.2748302e-002
  3.4733375e-002
  1.0158504e-001
 -2.4540893e-002
  1.8623119e-003
  3.8777802e-003
 -8.0737064e-002
  9.8337046e-002
 -5.6559745e-003
 -1.3517873e-001
  0.0000000e+000
  0.0000000e+000
 -3.1095682e-002
  1.5577291e-003
  0.0000000e+000
  0.0000000e+000
  0.0000000e+000
  0.0000000e+000
  0.0000000e+000
  0.0000000e+000
  0.0000000e+000
  0.0000000e+000
  0.0000000e+000
  0.0000000e+000
  0.0000000e+000
  0.0000000e+000
  0.0000000e+000
  0.0000000e+000
  0.0000000e+000
  0.0000000e+000
  3.6371102e-002
  2.7363241e-002
 -8.1735073e-004
 -5.2884177e-002
 -1.1072148e-002
 -8.8484417e-002
  1.5180316e-001
 -7.2065635e-003
  5.7832398e-002
  3.7906908e-002
 -1.2164825e-001
  1.3361437e-002
  0.0000000e+000
  0.0000000e+000
  2.8228492e-002
 -5.0221047e-002
  0.0000000e+000
  0.0000000e+000
  0.0000000e+000
  0.0000000e+000
  0.0000000e+000
  0.0000000e+000
  0.0000000e+000
  0.0000000e+000
  0.0000000e+000
  0.0000000e+000
  0.0000000e+000
  0.0000000e+000
  0.0000000e+000
  0.0000000e+000
  0.0000000e+000
  0.0000000e+000
 -1.1791567e-001
  4.7255916e-002
 -1.0437511e-001
  1.1351216e-001
 -4.8107696e-002
  1.7281699e-002
  8.8511876e-002
 -9.5960417e-002
  5.7515134e-002
 -1.7420568e-002
 -1.7643559e-002
  8.3783760e-002
  0.0000000e+000
  0.0000000e+000
  1.6786368e-002
 -2.3438958e-003
  0.0000000e+000
  0.0000000e+000
  0.0000000e+000
  0.0000000e+000
  0.0000000e+000
  0.0000000e+000
  0.0000000e+000
  0.0000000e+000
  0.0000000e+000
  0.0000000e+000
  0.0000000e+000
  0.0000000e+000
  0.0000000e+000
  0.0000000e+000
  0.0000000e+000
  0.0000000e+000
 -3.0538101e-004
 -1.0409265e-001
  3.8509498e-002
  1.5862594e-001
 -1.1219804e-001
 -2.6736272e-002
  1.2200796e-001
 -2.6337026e-003
  8.2115992e-003
 -1.6816081e-002
 -5.0031789e-002
 -1.1872505e-001
  0.0000000e+000
  0.0000000e+000
  1.2441910e-002
  1.0965683e-002
  0.0000000e+000
  0.0000000e+000
  0.0000000e+000
  0.0000000e+000
  0.0000000e+000
  0.0000000e+000
  0.0000000e+000
  0.0000000e+000
  0.0000000e+000
  0.0000000e+000
  0.0000000e+000
  0.0000000e+000
  0.0000000e+000
  0.0000000e+000
  0.0000000e+000
  0.0000000e+000
 -5.7475808e-002
  2.0888064e-002
  5.1472689e-002
 -7.2241361e-002
 -2.8503753e-002
 -4.6611699e-002
  5.8037713e-002
  2.0785259e-002
 -1.0429716e-001
 -3.2294858e-002
  2.8783616e-002
  1.1111306e-002
  0.0000000e+000
  0.0000000e+000
  1.4975476e-003
 -9.6415182e-003
