52
-3.6002718e-001
-7.2107882e-002
-7.4168881e-002
-9.3453855e-001
2.4559392e-001
2.5707710e-001
4.3518953e-001
7.8419535e-001
1.2083221e-001
-9.2358180e-001
2.1958782e-001
-4.1395019e-001
0.0000000e+000
0.0000000e+000
3.6353539e-001
-1.2034922e-001
5.3173617e-001
1.2557978e-001
-1.4987321e-001
3.3796083e-001
-6.3223964e-001
-6.2332539e-001
-1.4867404e-001
-3.5617807e-003
1.7014147e-001
2.5935185e-001
-1.9924454e-002
-2.1279302e-001
0.0000000e+000
0.0000000e+000
5.8006289e-002
-5.6267731e-002
-2.2066846e-001
2.3929614e-001
-9.3158568e-002
-8.2699750e-003
-3.1019806e-003
1.8504698e-001
9.0727090e-003
2.1518424e-001
3.5386587e-002
-1.1829573e-001
-1.0207793e-001
4.5675163e-002
0.0000000e+000
0.0000000e+000
-5.1310879e-002
-2.1744065e-001
2.3426044e-001
5.3058188e-001
-3.3404225e-001
1.0858170e-001
-2.6715031e-001
-1.4289242e-001
-1.4481349e-002
3.5212726e-002
8.0997766e-002
2.4342882e-001
-1.0622426e-001
-1.8315520e-001
0.0000000e+000
0.0000000e+000
-2.2051209e-001
-9.8062380e-002
-2.1503363e-001
-2.3747602e-003
1.5353658e-001
-2.9727508e-001
1.1241951e-001
2.1259440e-001
-3.9574137e-001
-5.7562226e-002
-1.4865123e-002
-1.3656813e-001
1.0858445e-001
-3.7532628e-001
0.0000000e+000
0.0000000e+000
-7.0411049e-002
5.8460801e-002
7.5172815e-002
-2.2206895e-001
-3.9859601e-002
-1.5093210e-001
-6.3483529e-001
8.1828857e-002
-9.4767783e-002
1.4082632e-001
1.8141260e-001
-8.7883201e-002
1.3351909e-001
-1.9179792e-002
0.0000000e+000
0.0000000e+000
3.7665690e-001
-1.3016472e-001
2.9922095e-001
-1.3640075e-001
-2.6343396e-001
2.2766111e-001
-7.0234249e-001
-8.4883604e-002
3.1290290e-002
2.4028391e-001
-2.3455680e-001
2.4014343e-001
4.8794613e-001
1.2535972e-001
0.0000000e+000
0.0000000e+000
-1.8667401e-001
-2.0570466e-001
3.6319766e-001
-1.1198067e-001
8.8001999e-002
-5.7044153e-002
-4.0753382e-001
-1.3469432e-001
3.2316229e-001
-2.4983775e-002
-2.0946010e-001
-4.5999161e-002
4.4184941e-002
-3.9788211e-003
0.0000000e+000
0.0000000e+000
-2.5923832e-001
4.7322401e-002
-1.6344669e-001
1.8961280e-001
-9.2067986e-002
2.4941497e-001
3.5014382e-001
1.5919733e-001
9.4187004e-002
-2.2585784e-001
-2.0863051e-002
1.1492207e-002
-2.4688985e-001
-8.1560930e-002
0.0000000e+000
0.0000000e+000
1.3410656e-002
2.3938307e-002
-2.2858299e-001
-4.2329605e-002
-1.3629856e-001
1.0253972e-001
6.0331515e-001
-1.3720609e-001
1.2648670e-001
-1.5669824e-001
-2.6654878e-001
-6.5271925e-002
1.3944513e-001
-4.3717647e-002
0.0000000e+000
0.0000000e+000
-1.1498946e-001
3.6578090e-001
57
1.0904179e-001
-2.4771197e-001
1.4491228e-001
-3.7726157e-002
-1.1790110e-001
2.7355817e-001
1.4288291e-002
-6.8645484e-002
-4.1273905e-002
-1.4954410e-001
-7.2903656e-002
8.1871718e-002
0.0000000e+000
0.0000000e+000
1.2459556e-001
2.0095506e-001
7.1031550e-002
-7.8821222e-002
-3.9751793e-002
1.5422024e-001
-2.9907356e-002
1.0345777e-001
-1.2015179e-001
-1.5316035e-002
2.1060738e-002
-2.5962556e-001
1.9374449e-001
-4.6589332e-002
0.0000000e+000
0.0000000e+000
-1.4357264e-002
1.3765570e-001
1.2702349e-001
-8.5079539e-002
8.0395929e-002
-3.5595259e-002
-1.2193587e-001
1.5319316e-001
-3.9463404e-004
1.5578475e-002
1.2547349e-001
-9.7390290e-002
-4.5005826e-002
-4.8789920e-002
0.0000000e+000
0.0000000e+000
6.2654677e-002
-8.1094532e-002
-9.2606311e-002
1.6799915e-002
-1.1991009e-002
-2.2815516e-001
-1.1374700e-002
-5.0545271e-003
1.1829556e-001
2.0572736e-001
1.3013236e-001
3.2223482e-002
-9.1610362e-002
6.2479271e-002
0.0000000e+000
0.0000000e+000
9.2548482e-002
-1.2763243e-001
2.9262883e-002
1.0277020e-001
8.0652098e-003
4.0250764e-002
-1.5712866e-001
-6.6393591e-003
9.4751428e-003
9.3476291e-003
2.0776967e-002
4.6127972e-002
-9.9572047e-002
2.5247864e-002
0.0000000e+000
0.0000000e+000
1.4668633e-001
-1.0385671e-002
2.5387597e-001
-2.0861067e-001
2.8851311e-001
-1.6989285e-002
-1.0728991e-001
-8.6260415e-002
-1.3292363e-001
-4.8279396e-002
1.1651289e-001
2.8338628e-002
3.7055386e-002
6.4083508e-002
0.0000000e+000
0.0000000e+000
-1.9357560e-003
-4.2773687e-002
9.2423703e-002
-1.2512653e-001
-2.0382403e-001
-2.4003920e-002
1.5943472e-002
-7.1832783e-002
1.6382957e-001
-1.0370100e-001
5.5061359e-002
-4.3221102e-002
1.6313143e-001
-1.9796903e-001
0.0000000e+000
0.0000000e+000
-9.5340790e-002
7.5307321e-002
-1.5616506e-001
1.7635500e-001
-2.1190999e-001
-3.6597135e-003
5.6858778e-002
7.9995324e-002
5.3129253e-002
1.5953853e-001
-3.5634882e-001
-4.7886759e-002
-9.1921854e-003
-2.0962283e-003
0.0000000e+000
0.0000000e+000
9.0294711e-003
2.8074891e-002
-6.4455025e-002
-1.5136839e-002
-7.3542285e-002
2.4408318e-001
-1.3288962e-001
-2.0434188e-003
-3.5494663e-003
-3.3945025e-003
5.9184038e-002
1.6228868e-002
-6.7884056e-002
5.3439988e-002
0.0000000e+000
0.0000000e+000
-7.1202383e-002
-1.2208071e-001
3.0315474e-002
-1.7273344e-001
1.8079304e-001
-4.9919332e-002
-7.2957854e-002
4.7107399e-002
4.3521222e-002
-2.4808318e-001
2.9515168e-001
1.7541211e-002
-9.0832003e-002
2.0836546e-001
0.0000000e+000
0.0000000e+000
-8.3124152e-002
-1.3650912e-001
50
51
1.3818676e-001
-1.2921474e-001
-6.7039761e-002
2.1801771e-001
-1.7502881e-001
1.8376346e-001
9.8032155e-002
-1.3787109e-001
1.0301891e-002
-1.2956223e-001
4.2812696e-002
-6.1207710e-002
0.0000000e+000
0.0000000e+000
1.1955428e-001
1.2110212e-002
2.3015524e-001
2.1454186e-002
7.8135832e-002
-1.8584678e-001
-2.0747973e-001
-2.1880989e-001
-4.2065125e-002
1.5538861e-001
1.8258433e-001
1.0172196e-001
6.4395277e-002
-1.7306114e-001
0.0000000e+000
0.0000000e+000
-1.2528019e-001
9.8578505e-002
4.7002511e-002
-1.2766802e-001
-9.7157386e-002
-5.1116257e-003
-5.8566680e-003
1.2843625e-001
-2.9021306e-002
1.2851437e-001
-1.4250892e-002
-8.6947859e-002
-9.3402296e-002
1.0612447e-002
0.0000000e+000
0.0000000e+000
3.9085851e-002
4.7683399e-002
-1.9737247e-002
-6.9496802e-002
8.4243569e-002
5.2283878e-002
4.3411562e-002
9.8081230e-002
-5.0656754e-002
-2.1826096e-002
6.7294041e-002
-4.0036526e-002
-3.3548029e-002
6.0206087e-002
0.0000000e+000
0.0000000e+000
6.6361460e-002
-7.4273874e-002
2.4794894e-002
-9.7554744e-002
4.6275017e-002
-1.2758709e-001
-7.8930370e-003
5.0881419e-002
1.4512031e-003
7.9946794e-002
-2.3000610e-002
8.4169025e-002
9.2357308e-002
4.6049603e-004
0.0000000e+000
0.0000000e+000
-1.3761772e-001
-4.5306461e-002
7.3977954e-002
4.2973698e-002
-2.0001411e-002
-3.7543962e-002
-4.3480035e-002
-1.4772658e-001
1.1908971e-001
2.5400906e-004
-1.6771062e-002
1.6780079e-001
-8.5774371e-002
-2.6955542e-002
0.0000000e+000
0.0000000e+000
-2.5229712e-002
6.3953327e-002
1.7819384e-002
-9.7742021e-004
-6.0676793e-002
1.2283504e-001
-8.6604617e-002
7.1501826e-002
3.6967849e-002
-8.8762120e-002
-1.0389258e-002
-1.8441681e-002
-1.2770209e-001
5.9355910e-002
0.0000000e+000
0.0000000e+000
4.3838520e-002
5.0181567e-002
-9.3953194e-003
-4.7562246e-002
3.4083718e-002
-3.5991538e-002
-3.4929559e-002
-6.3745808e-002
-7.9744653e-002
8.8020123e-003
9.4632519e-002
7.4191027e-002
1.3498718e-001
3.3952171e-002
0.0000000e+000
0.0000000e+000
-1.1086218e-001
5.5973180e-002
-1.2460311e-002
-1.6152503e-001
4.9715588e-002
2.3554976e-002
-4.6851222e-002
1.7557183e-001
-4.1383237e-002
9.6777848e-002
-5.9538028e-002
-8.2665432e-002
9.1995788e-002
-9.5375506e-002
0.0000000e+000
0.0000000e+000
4.5887062e-002
1.8226369e-003
-2.7062620e-002
8.6139210e-002
1.2177127e-002
9.8352583e-002
-1.8305846e-002
1.1581982e-002
-8.8332368e-003
-1.4555879e-002
-5.5491467e-002
-9.3277499e-002
-1.3977012e-002
-1.3749553e-002
0.0000000e+000
0.0000000e+000
5.0325603e-002
-3.3557542e-002
51
53
1.1187202e-001
-1.4139263e-001
7.7936386e-002
1.4131539e-001
1.4820857e-001
-7.7966997e-002
2.8980243e-002
-1.9405922e-001
-1.1201765e-001
-2.3549581e-001
-3.4162610e-002
1.0530865e-001
0.0000000e+000
0.0000000e+000
6.2293067e-002
1.3251339e-001
-1.6725862e-001
5.8297110e-002
-2.4815465e-002
1.3405770e-001
3.7731052e-002
-9.5060788e-003
2.5918817e-001
-1.9826208e-001
1.8224865e-001
3.3516773e-002
-8.3680042e-002
2.9328829e-002
0.0000000e+000
0.0000000e+000
-5.6085983e-002
-1.9390162e-002
2.2471052e-001
-4.7345109e-002
8.5925543e-003
2.0223960e-002
-1.0218726e-001
7.1509306e-002
-4.6090506e-002
-2.0261894e-002
-2.7528705e-002
-2.5398876e-002
1.0529021e-002
4.6977286e-002
0.0000000e+000
0.0000000e+000
-1.9295244e-001
-6.0019431e-002
3.1696696e-002
1.5539659e-002
2.1223847e-004
1.0304456e-001
-1.5821545e-001
-2.6363336e-002
-1.6194469e-002
-1.0644541e-001
6.7825537e-002
-3.9268765e-002
5.1678689e-002
1.6567241e-002
0.0000000e+000
0.0000000e+000
-9.7320700e-003
-4.6715805e-002
6.1742427e-003
-1.8672897e-001
-1.5273055e-001
1.3188538e-001
-3.8650116e-002
3.0959012e-001
-1.4178352e-001
-1.0772719e-001
8.5874194e-002
-6.7012528e-002
1.8912972e-002
-4.3265771e-002
0.0000000e+000
0.0000000e+000
2.9051306e-002
-4.4657689e-003
1.0254510e-001
4.9637956e-003
1.0032460e-001
-6.2348849e-002
-3.9306679e-002
-6.3252355e-002
1.3304206e-001
8.4121721e-004
4.6359353e-002
-4.9955469e-002
2.5959571e-002
-6.2078230e-002
0.0000000e+000
0.0000000e+000
1.0878941e-001
-5.4264592e-002
1.2357265e-001
-1.0767191e-001
6.6606186e-002
-1.6439971e-001
1.4247449e-002
9.6297587e-003
6.9658982e-002
2.1822184e-001
-2.5208196e-003
-2.5653729e-001
-2.5494811e-004
-3.5508253e-002
0.0000000e+000
0.0000000e+000
4.8217482e-002
9.3071769e-002
-3.7764256e-002
-1.2933381e-001
4.5290813e-002
-6.5670085e-003
-8.4230499e-002
1.4047127e-001
-2.0901074e-002
1.2297671e-001
-4.6287406e-002
1.4951723e-001
-2.6854861e-002
1.7181142e-002
0.0000000e+000
0.0000000e+000
2.9347124e-002
-1.6546233e-002
6.0829474e-003
-2.7760350e-002
-8.2682613e-003
-1.3254297e-001
2.8742763e-002
1.2395274e-002
1.2332635e-001
-7.2124332e-002
-1.0461192e-001
1.9466133e-001
-9.4874262e-002
4.7419433e-002
0.0000000e+000
0.0000000e+000
-1.5172857e-001
-7.8505961e-002
5.4976663e-002
1.1321202e-001
-1.3576628e-001
2.2266727e-002
-2.9198067e-003
-1.5893877e-001
6.6264046e-003
4.1195489e-002
6.8011877e-002
1.2375401e-001
-5.1906701e-002
-9.8439242e-003
0.0000000e+000
0.0000000e+000
-5.0313437e-002
3.8065008e-002
52
55
-2.9300618e-002
-1.1963791e-001
2.7508808e-002
8.3047144e-002
2.4040750e-001
2.0056483e-001
-3.9148663e-002
-1.7748508e-002
-4.5660937e-001
-9.0049678e-002
1.8941094e-002
-1.4821192e-001
0.0000000e+000
0.0000000e+000
7.2411528e-002
2.6048799e-001
7.2891079e-002
9.8325816e-004
-4.2817178e-002
-3.4126431e-002
-3.8335021e-001
3.0269172e-001
-6.9682901e-002
6.5449905e-002
3.2386284e-001
-2.6749010e-001
2.1435143e-003
7.0711318e-003
0.0000000e+000
0.0000000e+000
8.4471146e-002
-4.0389447e-002
-1.4541664e-002
5.7555126e-002
6.1351923e-002
-1.3619440e-001
2.2530751e-002
9.5989441e-003
-8.0129143e-002
1.5456876e-001
-1.7332951e-002
9.6077471e-002
-2.4563433e-004
5.0157284e-003
0.0000000e+000
0.0000000e+000
-7.6367164e-002
-6.8277151e-002
-1.4268977e-001
2.5165596e-001
-1.1225112e-001
9.0253458e-002
3.2500879e-003
-6.4638861e-002
5.0862699e-002
-1.6515066e-002
6.2045384e-002
5.6679742e-003
-1.0427313e-001
9.0034678e-002
0.0000000e+000
0.0000000e+000
1.2424330e-001
1.1634936e-001
2.0436983e-001
-1.4284900e-001
-6.8297755e-002
1.4246799e-001
-1.4290502e-001
1.4923185e-001
1.3368961e-001
-2.8967738e-002
-2.2983919e-001
4.5839390e-002
-1.6821144e-001
-5.0818404e-002
0.0000000e+000
0.0000000e+000
9.4310507e-002
1.7554171e-002
-3.4003072e-002
-2.1833578e-001
1.2971044e-001
1.8766335e-001
1.8336159e-001
1.1755593e-001
1.6025741e-002
7.5357572e-002
-1.6545885e-001
6.1489077e-002
-4.5539143e-002
-2.0907902e-001
0.0000000e+000
0.0000000e+000
2.1248159e-002
-9.8439180e-002
-2.8506730e-002
-2.8049726e-002
1.0851193e-001
5.9155304e-002
1.0724660e-001
-2.4888028e-001
-6.0142818e-002
1.6971025e-002
-1.2768358e-001
4.3963968e-002
4.4919407e-002
-9.0159500e-002
0.0000000e+000
0.0000000e+000
-1.4603488e-001
1.1200416e-001
1.8904299e-001
5.3485725e-004
-3.6634270e-002
-1.2324071e-001
2.0705418e-001
-6.1272789e-002
-2.9822569e-002
1.5804520e-001
1.2734653e-001
-1.9526130e-001
2.2139829e-001
-1.3041608e-001
0.0000000e+000
0.0000000e+000
-7.2881613e-002
3.9685980e-002
-9.1975348e-002
8.7936728e-002
-1.2545660e-001
-6.7004253e-002
1.4570930e-001
1.7068698e-001
-7.4955408e-003
2.3372952e-002
8.5467277e-002
-2.1189928e-001
-9.4901600e-002
-2.8824795e-002
0.0000000e+000
0.0000000e+000
1.9950707e-001
-1.0470641e-001
5.3688583e-003
-3.4429535e-002
-2.5241430e-002
1.8769578e-002
-2.5670640e-002
-1.9194283e-001
7.9046154e-002
-4.9023134e-002
2.5075274e-001
1.6763579e-001
-1.6839626e-001
2.1246877e-001
0.0000000e+000
0.0000000e+000
-3.3809990e-002
-7.6428746e-002
54
50
-1.1248687e-002
-4.2138840e-002
-7.6571528e-002
7.6846949e-002
6.1299230e-002
5.3723981e-002
6.7410992e-002
-8.7329903e-002
-2.2267012e-001
1.3727467e-001
-1.0208880e-002
2.8264275e-002
0.0000000e+000
0.0000000e+000
-7.6209675e-002
8.6977385e-002
1.0833808e-001
-2.2940868e-001
5.0056345e-002
-3.7024564e-002
-1.9871499e-001
2.8142142e-001
7.8738904e-002
-3.5884506e-003
1.0927848e-001
-2.0700076e-002
-1.5868025e-001
3.5707269e-002
0.0000000e+000
0.0000000e+000
1.2236479e-001
-1.5900227e-001
-8.5072843e-004
-1.4763609e-001
8.6801854e-002
5.7224554e-002
-1.4853353e-002
1.2400907e-001
-3.4274135e-002
4.2955852e-002
-5.8157361e-002
-2.8877960e-002
-3.6662634e-002
-1.4260687e-002
0.0000000e+000
0.0000000e+000
-1.1725604e-001
1.8244216e-002
9.4447240e-002
-1.6324394e-004
4.4857704e-002
2.3087719e-004
-6.2841684e-003
-1.5975913e-003
3.2246879e-002
6.6323510e-002
1.8028267e-002
-5.7243570e-002
-3.5655086e-002
1.5327586e-002
0.0000000e+000
0.0000000e+000
2.2333021e-002
3.1171097e-002
-6.4780114e-002
-1.7881585e-002
-2.6544423e-002
-1.2892904e-001
7.1296632e-003
-2.2533157e-002
1.5571091e-001
-5.5217232e-002
-5.0137504e-003
-5.5394783e-002
-4.9629372e-002
-4.7912732e-002
0.0000000e+000
0.0000000e+000
1.1481046e-002
-2.0496516e-002
2.2412321e-002
1.5487238e-002
7.5653439e-002
7.3627992e-002
-1.7548961e-001
-2.1703998e-002
2.9900424e-002
-4.8291603e-002
-1.3414410e-004
5.5631642e-002
2.7024564e-004
5.2904740e-003
0.0000000e+000
0.0000000e+000
-2.6746138e-002
-2.9067151e-002
1.5296992e-001
-1.3122670e-001
-6.3613821e-002
-6.5302310e-003
-3.8242000e-002
1.3535176e-001
1.9618942e-002
7.2811639e-002
2.2296760e-003
-1.5811419e-002
1.9525295e-002
-4.2473465e-002
0.0000000e+000
0.0000000e+000
1.8285803e-002
2.9228095e-002
-1.2318552e-001
1.2109917e-001
-7.2130735e-002
2.6801164e-003
1.2514692e-001
-1.5972296e-002
1.6702954e-002
5.6886136e-003
-1.1361034e-001
-1.2436508e-002
4.6449527e-002
-4.8492765e-002
0.0000000e+000
0.0000000e+000
6.5259809e-002
1.3382037e-002
4.5931262e-002
-7.6899730e-002
2.0625782e-003
6.9229058e-002
-7.4914942e-002
8.5550624e-002
-8.4627633e-003
-7.3136146e-002
1.9723046e-003
-3.0866551e-003
-1.0220656e-001
1.5264551e-001
0.0000000e+000
0.0000000e+000
-5.8908523e-002
-9.7730365e-002
5.4571462e-002
-1.8526077e-002
8.4534935e-002
6.6451065e-002
-1.1169860e-003
-2.0768136e-003
-1.4453809e-002
1.8147459e-002
4.0316078e-002
6.7736769e-003
-9.6059358e-002
-3.7242288e-002
0.0000000e+000
0.0000000e+000
2.4294452e-002
2.2259385e-002
55
52
7.7794497e-002
1.3708621e-001
-1.4129096e-001
1.3231787e-001
-1.2303534e-001
-1.3903626e-001
1.6043076e-002
-2.3730805e-001
1.6616201e-001
2.6700881e-002
1.5424336e-001
7.4523824e-002
0.0000000e+000
0.0000000e+000
-2.4572601e-001
-9.5738789e-002
7.8620450e-002
-1.7350874e-002
6.1586394e-002
7.4487558e-002
-1.9313309e-002
1.2635566e-001
-2.8750403e-002
-1.7761472e-001
2.6233169e-002
-1.6594853e-002
-5.0158831e-002
-6.7907111e-002
0.0000000e+000
0.0000000e+000
-1.0757163e-002
-9.2748208e-002
1.1931569e-001
-1.2547473e-001
8.3366441e-002
-1.3770287e-002
-6.4849079e-002
1.3712693e-001
-7.0420588e-002
8.9255468e-003
-2.7436840e-002
1.7697582e-002
7.2590316e-003
-1.2778238e-001
0.0000000e+000
0.0000000e+000
-1.2037868e-001
-5.3568379e-002
1.4001278e-001
-7.9645912e-002
-2.0894456e-002
-1.1382453e-002
-1.1768535e-001
7.0952016e-002
7.1380164e-002
-1.5932496e-002
8.5341605e-002
2.9976873e-002
-2.5754731e-002
8.4408778e-002
0.0000000e+000
0.0000000e+000
3.8997711e-002
-5.7081871e-002
1.4821583e-001
-3.9385251e-002
-1.5986648e-001
1.4106604e-001
9.0790254e-002
-1.8837346e-002
1.2247430e-001
-2.2390916e-002
-1.0973961e-001
4.0353408e-003
-1.1607145e-001
-4.0520756e-002
0.0000000e+000
0.0000000e+000
1.1667058e-002
9.6118173e-002
-1.1437829e-002
7.9540656e-002
7.6018150e-002
-4.5526559e-002
1.1575622e-001
-1.2865401e-001
-9.7610048e-003
8.5950212e-002
-1.7182567e-001
-2.7469897e-003
-3.7720513e-002
-8.2244048e-002
0.0000000e+000
0.0000000e+000
4.4491251e-002
-1.1699053e-001
5.3246917e-002
-2.1354636e-001
5.3493268e-002
-1.7494474e-001
-8.8241955e-002
1.0887361e-002
-6.2815497e-002
1.7753294e-001
2.0479827e-002
3.6816067e-002
1.4942435e-001
-6.8603641e-002
0.0000000e+000
0.0000000e+000
1.8033617e-002
-7.3127280e-002
-8.3044568e-002
-2.0972041e-001
2.1289095e-001
7.3617359e-002
-1.8169379e-002
-1.7122622e-002
2.8078977e-002
1.8368975e-002
-4.2566392e-002
1.0778658e-001
-1.3970606e-001
2.8709003e-003
0.0000000e+000
0.0000000e+000
6.5707879e-002
3.4291901e-002
-7.9368755e-002
5.1611524e-002
-1.0417335e-001
-1.0709386e-002
9.9181430e-002
9.7174120e-002
1.2217914e-001
-9.5354633e-002
5.6282788e-002
-1.4914038e-001
-1.8546648e-001
4.5809516e-002
0.0000000e+000
0.0000000e+000
-1.0367164e-002
5.5129143e-002
4.6323298e-002
9.8016022e-002
-9.1283983e-002
8.9645112e-003
5.7972498e-002
5.2887425e-002
-8.5424427e-002
6.5476311e-002
1.8197979e-001
-2.1919280e-002
5.1843943e-002
-1.7071188e-002
0.0000000e+000
0.0000000e+000
-2.4346011e-002
1.0601783e-002
56
55
-4.5931145e-003
6.9933691e-002
4.5870701e-002
2.0159293e-001
1.2435807e-001
-3.5010436e-001
1.9509487e-001
-1.8113586e-001
1.8153907e-001
-8.8938279e-002
-3.2760128e-002
4.0473864e-002
0.0000000e+000
0.0000000e+000
1.4554430e-001
-6.8949818e-002
1.1274976e-001
6.7423782e-002
1.2972986e-002
6.5331937e-002
-2.7783841e-001
2.0555631e-002
-6.0827941e-003
-3.7194776e-002
9.2321306e-002
2.1386041e-002
-1.3028413e-001
3.9028457e-002
0.0000000e+000
0.0000000e+000
1.2819937e-002
-1.1023567e-001
9.2054419e-002
-1.1892921e-001
-5.0712749e-002
1.1343816e-001
8.9773226e-002
-2.5541847e-002
8.1090969e-002
-1.1307884e-001
-2.0520027e-001
2.4847765e-002
-8.4741339e-002
1.2946328e-001
0.0000000e+000
0.0000000e+000
-9.3384847e-002
5.3713148e-002
5.5678714e-002
-6.6737673e-002
6.7782833e-002
8.9575167e-003
-5.3720673e-002
7.9439138e-002
-9.8282310e-002
5.1923628e-002
-8.7712638e-004
-8.5482405e-002
1.1193922e-001
3.4456463e-002
0.0000000e+000
0.0000000e+000
4.6657026e-002
3.4162454e-002
9.3928167e-002
-7.9822225e-002
-3.8675483e-002
-7.7340230e-002
-6.8504530e-002
-6.0337253e-002
2.9342617e-002
1.2688001e-001
7.6459784e-003
-2.9292517e-002
-2.9627533e-002
-2.1819042e-002
0.0000000e+000
0.0000000e+000
1.2499542e-002
-3.4984335e-002
-9.3006918e-002
-1.2269838e-001
1.3806224e-001
-3.1961492e-002
-1.6621268e-002
9.7578589e-002
-3.2519150e-002
1.7228786e-002
2.5757449e-002
-9.4388582e-002
-2.0094368e-002
-1.2457007e-001
0.0000000e+000
0.0000000e+000
-7.8614772e-003
4.2697348e-002
6.4983899e-002
-1.2046354e-001
1.3766371e-001
-1.1003462e-001
-6.5968260e-002
1.4543406e-001
-1.1359906e-001
5.5451861e-002
6.5902483e-002
1.5058948e-002
-3.3061202e-002
6.0287636e-002
0.0000000e+000
0.0000000e+000
-6.8851097e-002
8.4297425e-002
4.9838902e-002
3.0460011e-001
-1.3134484e-001
2.5729663e-002
-1.0203549e-001
-2.9909829e-001
1.2901924e-002
-4.2799312e-002
9.2761289e-002
1.4275280e-001
-3.3329749e-002
1.3771239e-001
0.0000000e+000
0.0000000e+000
1.0720947e-002
-4.0537798e-002
8.1810159e-002
-9.5410739e-002
-1.7575230e-001
6.6267506e-002
5.2804357e-002
1.2301979e-002
1.4168771e-001
1.3852312e-001
-2.6331257e-002
-1.0228442e-002
-9.3122191e-002
-1.3206079e-001
0.0000000e+000
0.0000000e+000
4.5758778e-002
-5.3669563e-003
-1.3679058e-002
-8.3255476e-002
-2.3268796e-002
3.9362757e-003
3.4909100e-003
7.4350789e-002
3.2101021e-002
-1.8511249e-003
-1.4784452e-001
1.3934043e-001
3.5217817e-002
-2.8972296e-002
0.0000000e+000
0.0000000e+000
6.4640230e-002
-4.2300616e-002
57
57
-1.9929311e-002
-1.5250656e-001
-6.7183155e-002
4.0804175e-002
7.7766260e-002
2.5556984e-002
1.8071323e-001
-5.7656244e-002
1.4873030e-002
-5.2223918e-002
-2.4915811e-001
1.7289153e-002
0.0000000e+000
0.0000000e+000
1.7238150e-001
-1.5510440e-002
3.0957911e-001
-1.1213045e-001
8.7087190e-002
1.7353942e-001
-1.6948813e-001
6.1053060e-002
1.2594063e-001
-3.4527745e-001
-1.1418510e-001
1.5638614e-001
-1.7475230e-001
1.1318005e-001
0.0000000e+000
0.0000000e+000
1.2782370e-002
4.0309617e-002
1.3300238e-001
-7.8687819e-002
-1.8183506e-002
5.7770865e-002
6.8665836e-003
3.8532309e-002
-3.3659667e-002
1.8315937e-002
2.5922527e-002
1.0387420e-001
5.7436956e-002
-2.0472205e-002
0.0000000e+000
0.0000000e+000
-1.0862797e-001
-9.8127903e-002
-1.3480916e-001
-1.0226283e-001
-1.5368349e-003
1.5645046e-002
4.3409457e-002
5.4467635e-002
-1.2278918e-001
5.0067998e-002
-1.3253695e-002
5.0457831e-002
-5.6712073e-002
-4.1911044e-002
0.0000000e+000
0.0000000e+000
2.0800217e-002
-2.6671225e-002
-1.1647708e-001
6.0674811e-002
-9.4085446e-002
7.0583755e-002
4.0429089e-003
-3.5845611e-003
-2.4387016e-002
-9.3486666e-002
-2.9919303e-002
-6.9608427e-002
-1.1377643e-001
-2.1937021e-002
0.0000000e+000
0.0000000e+000
7.5055534e-002
-5.7233039e-003
4.0187313e-002
9.2948835e-002
3.6553601e-002
-5.6227182e-002
7.6642368e-002
-3.8753796e-002
5.6914859e-002
1.5297848e-001
-1.2595511e-002
2.5361754e-002
-1.0578218e-001
-9.3552070e-003
0.0000000e+000
0.0000000e+000
-9.1270675e-002
3.2616728e-002
3.5483513e-002
-2.1940334e-002
-1.3717616e-001
3.9186944e-004
-4.9304376e-002
4.2421087e-002
1.6043205e-001
-2.2306854e-003
-3.4782846e-002
2.8107871e-002
-6.5224232e-004
4.7308479e-002
0.0000000e+000
0.0000000e+000
-9.4517270e-002
2.7901438e-002
-1.4577252e-001
2.9496140e-002
4.7215589e-003
6.7898910e-002
2.3880697e-002
4.1557567e-003
-3.4624655e-002
-8.8960472e-002
-7.2412020e-002
-1.5491257e-001
2.3518286e-001
-7.1566735e-002
0.0000000e+000
0.0000000e+000
-8.8744444e-003
5.4696365e-003
9.5243595e-002
-6.8826991e-002
1.6324427e-002
5.1993250e-002
-8.1379596e-002
9.8123063e-002
2.7465979e-002
-1.6212010e-001
1.8711966e-002
5.1552002e-003
-9.3799032e-002
6.9040556e-002
0.0000000e+000
0.0000000e+000
6.2316587e-002
1.0130507e-001
2.1803112e-002
7.6757022e-002
-4.2301081e-002
1.7626979e-002
2.0329390e-001
-1.4678203e-001
6.5772253e-002
5.9457168e-002
3.4323230e-002
7.9187200e-002
-2.1853691e-001
1.4164523e-001
0.0000000e+000
0.0000000e+000
1.4402574e-002
-1.0615727e-002
49
49
49
-7.0742095e-002
-8.9211784e-002
3.1422892e-002
2.2840817e-001
6.6941458e-003
1.1952359e-001
-7.0621380e-002
-1.7403735e-001
-1.2664327e-002
-1.1454566e-001
7.9413938e-002
1.6872795e-002
0.0000000e+000
0.0000000e+000
4.3942306e-003
5.4471301e-002
-3.6544911e-001
2.8716087e-001
-2.6280174e-002
1.7940619e-002
4.3244645e-001
-3.4233719e-001
1.6986504e-001
-2.2300916e-001
-2.3060405e-001
2.0558257e-001
-5.8839970e-002
9.0969754e-002
0.0000000e+000
0.0000000e+000
4.9980537e-002
3.5751513e-002
1.1481177e-001
-5.8110979e-002
-6.6335933e-002
1.1206632e-003
3.7330236e-002
-3.7262545e-003
-3.2341019e-002
-5.0447342e-002
-8.0067260e-002
8.1406644e-002
1.8574318e-002
4.7325434e-003
0.0000000e+000
0.0000000e+000
-1.7905980e-001
1.3374784e-002
-1.1780203e-002
-4.8350690e-003
-2.1300487e-002
2.2991842e-002
-1.4619211e-002
2.2413355e-001
-1.5845891e-001
-1.3472800e-002
-5.2430297e-002
-9.0593435e-002
1.0663268e-001
3.9438364e-002
0.0000000e+000
0.0000000e+000
-3.2807409e-002
5.6734660e-002
-2.1633156e-002
-7.1822738e-002
-6.1757101e-003
4.7941977e-002
2.4933815e-002
4.0584486e-002
-2.6561323e-003
8.9596101e-002
1.8532298e-002
-1.9146050e-001
1.8090820e-002
-7.8239213e-002
0.0000000e+000
0.0000000e+000
1.1197876e-001
3.4580748e-002
1.5119350e-001
5.3562880e-002
9.0768039e-002
7.2835909e-003
1.2222235e-002
-1.3010018e-001
-2.5943383e-002
-1.5776009e-002
-4.1066898e-002
7.4322306e-002
1.1354671e-001
-9.5427268e-002
0.0000000e+000
0.0000000e+000
-2.2712536e-002
1.9313197e-002
-3.4030964e-002
1.2267893e-001
-2.0237999e-001
-2.0598021e-002
-3.0268266e-002
-5.1362911e-003
5.4475834e-002
-7.9691557e-002
-1.4680949e-001
1.3363988e-001
2.5774029e-002
6.4799772e-002
0.0000000e+000
0.0000000e+000
-1.7801646e-001
9.3821783e-002
2.0852125e-001
4.6467115e-002
-1.4932498e-001
1.3628161e-001
-2.4382349e-001
9.8336872e-003
3.8820642e-002
-1.3560233e-002
-3.4164752e-002
-5.6129680e-003
-3.7260349e-002
1.1139165e-001
0.0000000e+000
0.0000000e+000
-6.7011760e-002
-7.0257897e-002
7.1001262e-002
-2.4741948e-001
4.0717871e-002
-5.7052498e-002
2.4413897e-002
1.6473557e-001
9.0022273e-002
9.1158704e-002
4.0578615e-002
-1.0502383e-001
-1.5833402e-001
-6.5120585e-002
0.0000000e+000
0.0000000e+000
8.6968919e-002
-1.1307334e-001
-1.4711785e-001
-1.3893046e-002
1.1685791e-002
-3.1137185e-002
1.0005635e-001
-3.0114892e-002
5.3115308e-002
5.3923932e-002
2.4019686e-002
9.6652879e-002
-4.2917119e-002
-1.2171850e-001
0.0000000e+000
0.0000000e+000
8.1668316e-002
8.8154576e-003
49
50
51
7.2115877e-002
-1.5424152e-001
1.0176089e-001
-1.8958584e-002
1.1052545e-001
-1.4001095e-001
6.2623657e-002
-3.9158543e-002
-7.9871493e-002
-9.9727758e-002
5.7320945e-002
-9.2041504e-002
0.0000000e+000
0.0000000e+000
9.1726892e-002
8.9857844e-002
-1.6572736e-001
2.2051817e-001
-8.2439484e-002
2.0082324e-001
6.0378964e-002
-1.0862896e-001
-7.6957347e-002
-4.7732038e-002
2.9385262e-002
1.1684018e-003
6.0342366e-003
9.4759033e-002
0.0000000e+000
0.0000000e+000
1.2316928e-001
-8.7772122e-002
6.5942193e-002
1.1982747e-002
2.1868448e-002
1.8338220e-002
-8.4454923e-003
-2.0052719e-002
-6.4060459e-002
-5.5306290e-002
-1.7511060e-002
-2.9304126e-002
2.0323405e-001
-1.0603296e-001
0.0000000e+000
0.0000000e+000
-1.9472936e-001
9.2049063e-002
1.8788484e-002
-2.3703507e-002
2.6988375e-002
1.4355699e-001
8.1611241e-002
1.0098472e-002
-6.2724069e-002
1.5582941e-003
-8.8227160e-002
8.2277809e-002
1.2573297e-002
-3.3760037e-003
0.0000000e+000
0.0000000e+000
-4.6016399e-002
1.4679823e-003
4.4420159e-002
-3.2547901e-002
-3.4078269e-002
-3.5290096e-003
1.2448265e-001
1.2693444e-002
-3.6110507e-002
7.2368707e-002
-4.5862860e-002
-4.5878377e-002
4.7074110e-002
-1.8667595e-002
0.0000000e+000
0.0000000e+000
-3.3836670e-002
1.3521938e-001
8.6712399e-004
-9.6891385e-002
2.5062422e-002
-8.6191804e-002
1.9663760e-001
-6.7579486e-002
1.2112731e-001
-1.7853007e-002
-1.9825638e-002
-1.1128900e-002
6.9534726e-002
5.2203742e-002
0.0000000e+000
0.0000000e+000
-1.3752701e-002
1.2221662e-002
-4.1742844e-002
-9.3695061e-002
-4.1602218e-003
7.0096968e-002
-1.1132996e-001
1.5894248e-001
-2.5166950e-002
-7.4049174e-002
-2.1746798e-002
-1.5282972e-001
-2.9892264e-002
-7.1635406e-002
0.0000000e+000
0.0000000e+000
1.0767815e-001
-3.1824103e-002
-1.0023706e-001
8.2352415e-002
-5.4139359e-002
3.9324313e-002
-7.8994026e-002
-8.1032250e-002
4.5140883e-002
5.4539244e-002
3.8103704e-002
1.7904256e-001
7.4697462e-002
-1.0184357e-001
0.0000000e+000
0.0000000e+000
7.7007326e-002
-8.8150057e-002
1.0281542e-001
-1.3744598e-001
7.5250327e-002
1.5960144e-002
-2.4260401e-002
-3.8730478e-002
7.7948599e-002
-9.3035131e-002
-2.0837955e-002
3.7089656e-002
2.3063418e-002
3.3736394e-002
0.0000000e+000
0.0000000e+000
-5.9432108e-002
-4.7677519e-002
-1.0800106e-001
-5.6672892e-002
-8.3962280e-004
3.0537516e-002
1.3155455e-001
-7.3410325e-002
8.1196102e-002
5.2932037e-002
-1.5525994e-001
6.7758436e-002
-2.4437936e-001
1.8767908e-001
0.0000000e+000
0.0000000e+000
-9.2032172e-002
1.2263364e-001
49
51
53
1.2695343e-001
-1.3428606e-001
2.1914233e-002
1.3995900e-001
9.7418940e-002
-9.7054765e-002
8.1001791e-002
-1.9803076e-001
-1.9811618e-001
2.6134240e-001
-9.3649958e-002
3.8217485e-002
0.0000000e+000
0.0000000e+000
4.4082711e-002
8.6601325e-002
2.4489506e-001
-1.9148900e-001
4.2955114e-002
-1.4632490e-003
-2.1191853e-001
2.0625629e-001
5.7579012e-002
-1.8196865e-001
1.2230734e-001
-2.9202472e-002
-1.4545488e-001
1.0937538e-001
0.0000000e+000
0.0000000e+000
-4.2263607e-002
-4.4128278e-002
1.1329917e-002
-2.5253952e-002
-8.8790422e-002
1.4444105e-001
-4.0331515e-002
2.4319794e-002
2.1098421e-002
-1.5599631e-001
5.8082823e-002
1.8968795e-002
5.6601595e-002
8.9802143e-002
0.0000000e+000
0.0000000e+000
-1.5789847e-001
-4.7307840e-002
7.3832030e-002
-8.1187156e-002
-1.2042257e-002
-6.5287182e-002
1.7837820e-002
-1.4587312e-001
1.2432874e-001
-2.4872495e-002
2.0243228e-002
2.9158190e-002
-7.7174260e-002
-5.6803967e-002
0.0000000e+000
0.0000000e+000
4.3725748e-002
-3.4318290e-002
-5.1128339e-002
1.1883928e-002
-2.2467961e-002
5.1186804e-002
-2.7615876e-002
7.3785585e-002
3.6269618e-002
-7.5802135e-002
-1.3275936e-001
6.5405188e-002
-1.5942935e-001
3.7878031e-002
0.0000000e+000
0.0000000e+000
7.4750874e-002
5.6352967e-002
7.4276531e-003
4.9508894e-002
-1.2647659e-001
2.6145435e-003
5.9521514e-002
2.9592077e-002
-1.2467005e-002
9.8528745e-002
-5.2005420e-002
4.8795605e-002
3.1176288e-002
-1.7801119e-002
0.0000000e+000
0.0000000e+000
1.4285803e-004
-1.8491349e-001
-1.9010045e-002
-6.8310525e-002
2.9437714e-003
1.0172738e-001
4.6654047e-002
1.5944735e-001
-1.3180208e-001
-1.1150094e-004
9.1633114e-002
-1.5650368e-002
8.9773550e-002
-5.5712790e-002
0.0000000e+000
0.0000000e+000
-3.2677300e-002
-7.4112191e-003
1.7591954e-001
-1.6287217e-001
1.1917216e-001
-1.4384360e-002
-2.9449268e-002
3.8631123e-002
-4.6062770e-002
-5.4909371e-002
1.2303693e-001
8.3392546e-002
3.7248129e-002
5.3725402e-002
0.0000000e+000
0.0000000e+000
-4.2161649e-002
-3.7728501e-002
2.9908354e-001
-2.1805452e-001
-2.5400064e-002
4.2296477e-003
-1.9016615e-001
-5.6873635e-002
8.0246725e-002
3.1468892e-002
-6.3076092e-002
-1.0732252e-001
1.6431302e-002
-4.5698388e-002
0.0000000e+000
0.0000000e+000
3.3412092e-002
-4.9823886e-002
1.0329738e-001
-6.7459498e-003
7.8718055e-002
-1.1342978e-001
-1.2784936e-001
-5.4498661e-002
7.4818131e-003
-1.2295106e-002
-8.5580508e-002
3.6156140e-002
-7.8272618e-002
-4.6380311e-002
0.0000000e+000
0.0000000e+000
-6.5351656e-002
7.1587751e-002
49
52
55
1.1537393e-001
-1.2467267e-001
-1.1366832e-002
1.0641463e-001
1.5275461e-001
-7.9531477e-002
1.7614771e-001
-1.4426725e-001
1.6442858e-001
-3.1158709e-001
-1.1838745e-001
1.0292007e-001
0.0000000e+000
0.0000000e+000
1.1658127e-001
-2.8751425e-002
-2.5133200e-002
-2.2515349e-001
1.1245506e-001
-8.2769012e-003
5.4239062e-002
6.1208987e-002
1.2489165e-001
-2.0683252e-001
9.7099154e-003
8.5050179e-003
3.9739869e-003
1.2646630e-001
0.0000000e+000
0.0000000e+000
-9.6546166e-002
2.2034339e-002
5.2995521e-002
-1.4060897e-001
-6.6971327e-002
7.6718762e-002
-3.4273308e-002
3.8021905e-002
5.1707111e-002
-1.0894066e-001
7.9987304e-003
-1.6424791e-002
1.7878476e-002
1.2667306e-001
0.0000000e+000
0.0000000e+000
-7.9487104e-002
1.0701138e-002
1.4954576e-001
9.9670951e-003
2.8830897e-003
-4.4034988e-002
-1.2489924e-001
9.3261619e-004
-2.2456896e-003
1.3412077e-001
-5.7394530e-002
1.6051197e-002
-9.6686904e-002
-1.8324790e-001
0.0000000e+000
0.0000000e+000
2.9990479e-002
2.8934927e-002
-1.5972251e-001
-6.0462503e-002
-5.4712554e-003
6.2926311e-002
6.2564730e-002
-7.8101576e-003
1.3023778e-002
2.6497167e-003
-1.0121584e-001
4.3481631e-002
-6.3399251e-002
1.1451569e-001
0.0000000e+000
0.0000000e+000
1.1366038e-001
8.3275923e-002
-1.1352892e-001
6.5200903e-002
2.0326630e-002
8.5362351e-002
8.2265871e-002
-6.8314261e-002
1.7966408e-002
-1.7547449e-002
-3.7315060e-002
-1.4613447e-002
8.2387301e-002
4.8510446e-002
0.0000000e+000
0.0000000e+000
-5.6233211e-003
1.4580005e-001
1.1185053e-001
-2.5192446e-002
-4.9996621e-002
8.5133055e-002
-1.3837015e-001
-3.7475724e-002
-1.0206676e-001
-1.4752556e-001
-4.5041247e-002
4.7223925e-002
3.9329699e-002
2.3598311e-002
0.0000000e+000
0.0000000e+000
-1.1891329e-001
1.2160136e-001
-5.2369169e-002
1.1532021e-001
-8.4468242e-002
1.1153757e-001
9.3606873e-002
7.1225935e-002
-5.3238982e-002
1.0871054e-001
3.8959992e-002
9.3001412e-002
-6.3076418e-002
6.8043099e-002
0.0000000e+000
0.0000000e+000
-2.6876005e-002
-2.4731204e-001
9.8863133e-002
-6.0227487e-002
6.4276005e-002
-9.6611546e-002
5.9467221e-002
5.1552139e-002
6.7915002e-002
1.2407916e-001
-7.4722240e-002
3.1041461e-002
-9.6271654e-002
-1.3194443e-001
0.0000000e+000
0.0000000e+000
8.3250079e-002
1.6288751e-003
1.2054220e-001
-1.2301322e-001
1.2073893e-001
-8.7477659e-003
-1.5002581e-001
-6.0258275e-002
-2.4071679e-002
4.3960871e-002
-7.5563276e-002
-2.0604636e-002
-6.8314176e-002
-5.4021445e-002
0.0000000e+000
0.0000000e+000
-8.9561718e-002
2.4295557e-001
49
54
49
-1.3135364e-002
1.4099974e-001
-6.2574293e-002
-2.4346480e-002
9.3286958e-002
-2.2759889e-001
8.4636560e-002
3.1975331e-002
4.8386954e-003
1.5432375e-001
-1.9064645e-001
4.1570283e-002
0.0000000e+000
0.0000000e+000
2.6525251e-002
-1.1358808e-001
4.0296745e-002
2.7564232e-002
1.2201703e-001
4.2653814e-002
9.3224757e-003
-4.6938362e-002
-2.4681092e-001
-1.7383516e-002
-5.4420095e-002
7.2718805e-002
1.4494032e-001
9.7739810e-002
0.0000000e+000
0.0000000e+000
-5.9262530e-002
2.8566931e-002
9.1724052e-002
-1.4689730e-002
3.8147691e-002
2.7636421e-002
-6.5138280e-002
9.8077280e-002
-3.7393206e-002
-1.2560313e-002
-4.3873514e-002
5.8778318e-003
-9.7320955e-004
4.6483190e-002
0.0000000e+000
0.0000000e+000
-3.5309860e-002
-7.9523615e-003
-6.3952123e-003
-1.4396353e-002
-3.7985045e-003
3.6215765e-002
6.4195692e-002
-2.5378378e-002
-6.2053224e-002
-2.0782591e-002
1.0308252e-002
-4.1475028e-002
3.5450112e-002
4.1759247e-002
0.0000000e+000
0.0000000e+000
4.5735098e-002
3.1062089e-003
6.4830142e-002
-2.6706702e-002
-2.3204721e-002
-4.2039403e-002
-2.1174450e-002
-6.5545107e-003
-3.6686207e-002
-7.5026614e-003
-5.8959238e-002
-5.3777759e-004
1.4191073e-002
3.9262634e-002
0.0000000e+000
0.0000000e+000
5.6431916e-002
4.7996782e-002
-1.2255374e-001
1.5471211e-001
-4.2781152e-003
2.9849500e-003
-2.1973612e-002
-3.3567092e-002
-1.0124394e-001
9.0211808e-002
3.9206481e-002
1.6995262e-002
5.4196185e-002
3.5314464e-002
0.0000000e+000
0.0000000e+000
-3.9283919e-002
-5.3961578e-003
5.2526555e-002
-7.0561405e-002
-5.5380690e-002
-8.3264500e-002
-2.7185424e-002
1.2236560e-001
4.5906530e-003
5.4971751e-004
1.4269177e-001
-2.3189484e-002
-1.0262832e-002
2.2835065e-003
0.0000000e+000
0.0000000e+000
-2.8860897e-003
-8.3867867e-002
1.9282623e-003
-3.1381302e-002
1.2381033e-001
-1.1321022e-002
4.4459148e-002
2.8116189e-002
5.3591921e-003
6.6441332e-002
4.6990215e-002
-1.7323696e-002
3.1581434e-002
-2.6483331e-002
0.0000000e+000
0.0000000e+000
4.2435450e-002
1.2182926e-002
-4.0299871e-002
6.1402305e-002
3.0490352e-002
3.3963999e-002
1.2243789e-002
4.7045167e-002
-1.7385087e-002
5.2517093e-002
-1.2424813e-001
-6.1537830e-002
-9.1485777e-002
-1.9871731e-002
0.0000000e+000
0.0000000e+000
4.9890455e-002
7.9494472e-002
-4.0295142e-002
-2.6095001e-002
-1.5854063e-002
-1.7026161e-003
-4.5191118e-002
4.6412220e-002
-3.6644343e-002
5.4299390e-002
5.9054295e-002
-1.0664582e-001
3.3054468e-002
2.5574107e-002
0.0000000e+000
0.0000000e+000
-1.2562159e-002
6.8012419e-002
49
55
51
8.3198658e-003
2.0160218e-002
-3.5142161e-003
8.0057920e-002
-7.6326004e-003
-4.5197430e-003
-1.3136362e-001
-1.0036708e-001
6.4381259e-002
1.0333289e-001
-6.8539307e-002
1.9446222e-001
0.0000000e+000
0.0000000e+000
9.4794003e-003
-1.6234734e-001
2.0521014e-002
-3.8058739e-002
1.5591359e-001
-1.5864873e-001
-9.8317742e-002
-1.2801958e-002
-1.4360402e-001
2.0725102e-001
9.8057192e-002
-1.1923959e-001
2.0646037e-001
-5.7413213e-002
0.0000000e+000
0.0000000e+000
-2.1208390e-002
1.5505327e-002
5.3250194e-002
-1.3856074e-001
2.6647645e-002
-1.1982333e-001
2.1318052e-002
8.9708748e-002
8.5283664e-004
9.2699321e-002
-1.7213901e-001
6.5905647e-002
6.7259671e-002
-6.9096507e-002
0.0000000e+000
0.0000000e+000
-1.7431946e-001
9.3654625e-002
-1.9413412e-001
1.7274932e-001
6.8052340e-003
2.0876126e-002
9.5850780e-002
-5.6560838e-002
-9.7368827e-002
2.5490842e-002
7.0464058e-002
1.0286890e-001
-9.8886415e-002
-1.0066743e-002
0.0000000e+000
0.0000000e+000
3.7901102e-002
3.9412964e-002
1.2170067e-001
-2.2326783e-001
-7.2225278e-002
3.0808416e-002
-1.9645386e-003
-9.9274224e-002
-7.0728606e-003
-1.9718942e-001
7.0505969e-002
3.7088099e-002
1.6270632e-002
1.3222035e-001
0.0000000e+000
0.0000000e+000
-1.2351458e-001
-2.2173154e-002
1.4981787e-001
-2.8451966e-002
-5.7822930e-002
5.3437400e-004
9.0611385e-002
9.5795692e-002
-5.5199813e-002
9.4241238e-002
-7.2394242e-002
6.1461081e-002
6.0638839e-002
-1.8846627e-002
0.0000000e+000
0.0000000e+000
5.8220316e-002
1.2940165e-001
-1.7387024e-001
-8.3516362e-002
9.9857140e-002
-1.9716162e-001
-1.0513426e-001
1.2020004e-001
4.3805127e-002
1.3358640e-001
-8.5261665e-002
-5.2046644e-002
2.5412769e-003
-1.3826005e-001
0.0000000e+000
0.0000000e+000
1.1569600e-001
-7.9834399e-003
-1.4291819e-001
-8.6316526e-002
7.6130115e-002
1.3859316e-002
-1.0575450e-001
-9.1506146e-002
1.6497315e-001
-3.1679146e-002
9.5289539e-002
-1.4245067e-002
9.3186533e-003
1.4966209e-001
0.0000000e+000
0.0000000e+000
-9.9995570e-002
1.1098720e-001
1.8082190e-001
-3.1404350e-002
-5.3385190e-002
1.0317798e-001
5.3282140e-002
7.1809574e-002
-6.2147770e-004
-1.4028391e-001
1.8646505e-003
-1.4233082e-001
-8.9395543e-002
9.7851718e-002
0.0000000e+000
0.0000000e+000
6.9609866e-002
7.3651494e-002
2.3389820e-001
2.3105959e-001
-1.0902948e-001
-6.7904437e-002
-5.1964974e-002
-1.5312298e-002
4.1324457e-002
6.4228132e-002
-1.9522231e-001
2.4225290e-003
-5.7284820e-002
-1.2042603e-002
0.0000000e+000
0.0000000e+000
-4.0185114e-002
-1.4943639e-001
49
56
53
-1.0110734e-001
-7.7644957e-002
-4.5868307e-002
7.7647280e-002
-5.0325635e-002
3.1097187e-001
-7.4722284e-002
-6.0387288e-002
7.2859264e-002
-1.8127159e-001
1.3656992e-001
4.2485815e-002
0.0000000e+000
0.0000000e+000
-9.4797370e-002
1.0986417e-002
-2.7805874e-001
2.4198531e-001
-1.9796421e-001
-1.6567425e-003
3.5559365e-001
-2.4272724e-001
1.8036369e-001
-4.3055169e-002
-2.2779830e-001
1.6141863e-001
-9.9637299e-002
1.8837488e-001
0.0000000e+000
0.0000000e+000
-2.0489888e-002
1.0252014e-001
6.0407313e-002
-4.0567434e-002
3.0209228e-002
2.2683719e-002
1.5265762e-001
7.1051738e-002
-8.3196990e-002
-1.3927036e-001
-2.2206709e-001
1.7449586e-001
-3.6074670e-002
1.4990779e-001
0.0000000e+000
0.0000000e+000
-1.4054953e-001
3.4323520e-002
1.1763390e-001
1.3367144e-001
-8.3999098e-003
-1.2470358e-001
-1.7454914e-001
7.9916446e-002
-2.5024578e-001
1.4194836e-001
5.8845997e-002
-6.0128377e-002
1.4513048e-001
2.8259460e-002
0.0000000e+000
0.0000000e+000
1.5559250e-002
2.1247013e-002
2.3969489e-001
-3.4708704e-002
-1.3255232e-001
-4.7257377e-003
-3.6228672e-002
-5.8582712e-002
7.1612444e-002
-7.2207781e-002
4.8950878e-002
-3.6688935e-002
-1.0495649e-001
-6.3098661e-002
0.0000000e+000
0.0000000e+000
-1.5412013e-001
-5.4543028e-002
-2.7318016e-001
-1.4260852e-001
1.1640091e-001
-1.7621489e-003
1.5331954e-001
1.1841024e-001
-2.3222739e-002
1.0094086e-001
1.6737111e-001
2.4262919e-003
-8.0421156e-002
6.6674471e-002
0.0000000e+000
0.0000000e+000
1.2075394e-001
-2.9216386e-001
-1.6720719e-001
6.0547345e-002
-8.8541110e-002
-4.7721271e-002
2.1552622e-002
4.8829017e-002
1.2008914e-001
-1.1512208e-001
2.2369333e-002
6.9830498e-002
6.1684231e-002
2.0540143e-001
0.0000000e+000
0.0000000e+000
-5.8935309e-002
6.3528363e-002
1.3948698e-001
2.7360812e-002
-1.0953873e-001
8.7305941e-002
-2.4804088e-002
-1.1307653e-001
2.7817014e-002
-7.7762412e-002
2.3240840e-001
8.1672448e-002
-1.0087588e-001
-2.6308914e-002
0.0000000e+000
0.0000000e+000
1.4774720e-001
-5.3916890e-002
1.2005449e-001
-1.9171735e-001
-6.3516165e-003
4.1804326e-002
-9.3593051e-002
-5.0446946e-002
-7.9592585e-002
4.1164977e-002
-1.6814938e-002
1.0474223e-001
-3.0222032e-002
-1.0990821e-001
0.0000000e+000
0.0000000e+000
-6.3546374e-002
-2.6488655e-002
2.2318753e-001
-8.5614351e-002
2.5070117e-001
-9.8670981e-003
-1.8255762e-001
-3.5858234e-002
-2.1496211e-002
-2.8709916e-002
-7.6627591e-002
1.3483021e-001
5.5804766e-003
1.7717111e-001
0.0000000e+000
0.0000000e+000
-1.5966407e-001
1.2336573e-002
